{
  "XGBoost": {
    "accuracy": 0.69,
    "f1_macro": 0.5879502767290491,
    "f1_weighted": 0.6814777559574554,
    "predictions": [
      1,
      0,
      1,
      0,
      1,
      0,
      0,
      0,
      0,
      0,
      0,
      1,
      0,
      2,
      1,
      0,
      1,
      0,
      0,
      1,
      1,
      0,
      1,
      1,
      0,
      0,
      0,
      0,
      1,
      1,
      0,
      0,
      1,
      1,
      1,
      1,
      1,
      1,
      1,
      1,
      1,
      1,
      0,
      2,
      0,
      0,
      1,
      1,
      1,
      1,
      0,
      1,
      0,
      0,
      1,
      1,
      1,
      1,
      0,
      1,
      1,
      1,
      0,
      1,
      1,
      1,
      0,
      0,
      1,
      0,
      1,
      1,
      1,
      1,
      1,
      0,
      1,
      1,
      2,
      1,
      1,
      1,
      1,
      1,
      1,
      0,
      0,
      1,
      1,
      1,
      1,
      0,
      1,
      0,
      1,
      0,
      1,
      1,
      0,
      1,
      0,
      1,
      0,
      0,
      0,
      0,
      1,
      1,
      0,
      2,
      1,
      0,
      1,
      0,
      1,
      1,
      1,
      0,
      1,
      0,
      0,
      1,
      1,
      1,
      1,
      0,
      1,
      1,
      1,
      0,
      1,
      0,
      0,
      1,
      1,
      2,
      0,
      1,
      1,
      0,
      1,
      1,
      0,
      1,
      1,
      1,
      0,
      1,
      0,
      1,
      0,
      1,
      0,
      1,
      1,
      0,
      1,
      1,
      0,
      1,
      1,
      0,
      2,
      0,
      1,
      0,
      1,
      1,
      1,
      0,
      1,
      1,
      1,
      0,
      1,
      0,
      1,
      1,
      2,
      0,
      0,
      1,
      0,
      1,
      0,
      1,
      1,
      1,
      0,
      0,
      0,
      1,
      0,
      1,
      1,
      1,
      1,
      0,
      1,
      1
    ],
    "probabilities": [
      [
        0.17982028424739838,
        0.7672477960586548,
        0.05293186753988266
      ],
      [
        0.7637712359428406,
        0.22934143245220184,
        0.006887353491038084
      ],
      [
        0.4324428141117096,
        0.5030587911605835,
        0.0644984245300293
      ],
      [
        0.5816259384155273,
        0.4099136292934418,
        0.00846045184880495
      ],
      [
        0.00217674532905221,
        0.6236537098884583,
        0.37416955828666687
      ],
      [
        0.5149235129356384,
        0.48046955466270447,
        0.004606905393302441
      ],
      [
        0.5062039494514465,
        0.4899982213973999,
        0.003797813318669796
      ],
      [
        0.9370814561843872,
        0.06090197712182999,
        0.002016569022089243
      ],
      [
        0.5426680445671082,
        0.44178009033203125,
        0.01555184181779623
      ],
      [
        0.8222712874412537,
        0.15222994983196259,
        0.02549871616065502
      ],
      [
        0.5867658257484436,
        0.37396976351737976,
        0.03926439955830574
      ],
      [
        0.15438619256019592,
        0.7840251922607422,
        0.061588600277900696
      ],
      [
        0.9104781746864319,
        0.08761828392744064,
        0.0019034889992326498
      ],
      [
        0.013218176551163197,
        0.432091623544693,
        0.5546901822090149
      ],
      [
        0.06855819374322891,
        0.8605549335479736,
        0.07088685780763626
      ],
      [
        0.6942616105079651,
        0.28953853249549866,
        0.016199860721826553
      ],
      [
        0.2692084312438965,
        0.727861225605011,
        0.00293032918125391
      ],
      [
        0.5065720677375793,
        0.49155378341674805,
        0.0018741254461929202
      ],
      [
        0.6901907324790955,
        0.3065917193889618,
        0.0032175276428461075
      ],
      [
        0.01873812824487686,
        0.9519265294075012,
        0.029335349798202515
      ],
      [
        0.013706408441066742,
        0.9548875689506531,
        0.03140607476234436
      ],
      [
        0.6727073192596436,
        0.32494649291038513,
        0.0023461515083909035
      ],
      [
        0.0567476749420166,
        0.9294125437736511,
        0.01383980829268694
      ],
      [
        0.04578481987118721,
        0.9320071935653687,
        0.022207947447896004
      ],
      [
        0.49993932247161865,
        0.431368350982666,
        0.06869225203990936
      ],
      [
        0.5846529603004456,
        0.4112964868545532,
        0.004050552845001221
      ],
      [
        0.9248424768447876,
        0.07234729826450348,
        0.002810233738273382
      ],
      [
        0.886557400226593,
        0.11249770224094391,
        0.0009448452619835734
      ],
      [
        0.33965784311294556,
        0.6472589373588562,
        0.013083209283649921
      ],
      [
        0.2538267970085144,
        0.7385119199752808,
        0.007661222945898771
      ],
      [
        0.6997112035751343,
        0.2952946722507477,
        0.004994099959731102
      ],
      [
        0.9270466566085815,
        0.07253868132829666,
        0.00041465010144747794
      ],
      [
        0.16363127529621124,
        0.8243231773376465,
        0.01204548217356205
      ],
      [
        0.08971241861581802,
        0.8001191020011902,
        0.11016848683357239
      ],
      [
        0.09387930482625961,
        0.8973647356033325,
        0.00875596422702074
      ],
      [
        0.07437939941883087,
        0.9204203486442566,
        0.005200268235057592
      ],
      [
        0.054167475551366806,
        0.8783558011054993,
        0.06747673451900482
      ],
      [
        0.03750506415963173,
        0.8317739963531494,
        0.13072089850902557
      ],
      [
        0.20256483554840088,
        0.7845070958137512,
        0.012928088195621967
      ],
      [
        0.2045028805732727,
        0.7886353731155396,
        0.006861754227429628
      ],
      [
        0.25019776821136475,
        0.7437570095062256,
        0.006045167334377766
      ],
      [
        0.01513354480266571,
        0.9004409909248352,
        0.08442551642656326
      ],
      [
        0.7574483752250671,
        0.2326861321926117,
        0.009865525178611279
      ],
      [
        0.0029020204674452543,
        0.4027981758117676,
        0.5942997932434082
      ],
      [
        0.8086792826652527,
        0.18862414360046387,
        0.0026965909637510777
      ],
      [
        0.9776740074157715,
        0.022052308544516563,
        0.00027367580332793295
      ],
      [
        0.302085816860199,
        0.596183180809021,
        0.10173101723194122
      ],
      [
        0.012872160412371159,
        0.7972489595413208,
        0.1898789256811142
      ],
      [
        0.46188974380493164,
        0.5344471335411072,
        0.003663143841549754
      ],
      [
        0.0070328847505152225,
        0.9366512894630432,
        0.056315768510103226
      ],
      [
        0.7637140154838562,
        0.23049673438072205,
        0.0057892692275345325
      ],
      [
        0.3434098958969116,
        0.6144363880157471,
        0.04215371236205101
      ],
      [
        0.8694663643836975,
        0.1261383295059204,
        0.0043953158892691135
      ],
      [
        0.7639279961585999,
        0.21484874188899994,
        0.02122325822710991
      ],
      [
        0.014453488402068615,
        0.6829322576522827,
        0.3026142120361328
      ],
      [
        0.04262842237949371,
        0.8211191892623901,
        0.13625234365463257
      ],
      [
        0.34136077761650085,
        0.637044370174408,
        0.021594857797026634
      ],
      [
        0.1082947701215744,
        0.7534943222999573,
        0.13821089267730713
      ],
      [
        0.7195412516593933,
        0.21452631056308746,
        0.0659325122833252
      ],
      [
        0.32034093141555786,
        0.6755579710006714,
        0.004101117141544819
      ],
      [
        0.05841504782438278,
        0.8583835959434509,
        0.08320135623216629
      ],
      [
        0.03012445755302906,
        0.948307454586029,
        0.02156810835003853
      ],
      [
        0.6582337617874146,
        0.32197755575180054,
        0.01978868432343006
      ],
      [
        0.06562835723161697,
        0.9266079664230347,
        0.00776362931355834
      ],
      [
        0.3578222393989563,
        0.5958983898162842,
        0.046279314905405045
      ],
      [
        0.263642817735672,
        0.7314013242721558,
        0.004955884534865618
      ],
      [
        0.5802205204963684,
        0.41489917039871216,
        0.004880341235548258
      ],
      [
        0.990073561668396,
        0.009512363001704216,
        0.0004140593227930367
      ],
      [
        0.4530368745326996,
        0.5210498571395874,
        0.025913318619132042
      ],
      [
        0.7422083020210266,
        0.255577027797699,
        0.002214705804362893
      ],
      [
        0.04244592785835266,
        0.9350772500038147,
        0.022476809099316597
      ],
      [
        0.025961894541978836,
        0.918088436126709,
        0.05594965070486069
      ],
      [
        0.009312138892710209,
        0.869322657585144,
        0.12136516720056534
      ],
      [
        0.08928187936544418,
        0.8936693668365479,
        0.017048798501491547
      ],
      [
        0.09378644824028015,
        0.7401977181434631,
        0.1660158634185791
      ],
      [
        0.7357949614524841,
        0.25858432054519653,
        0.005620728246867657
      ],
      [
        0.2116280198097229,
        0.7825109958648682,
        0.005860998760908842
      ],
      [
        0.016613127663731575,
        0.7109616994857788,
        0.2724251449108124
      ],
      [
        0.004201266914606094,
        0.34955108165740967,
        0.6462476849555969
      ],
      [
        0.3633573353290558,
        0.6277880668640137,
        0.0088546397164464
      ],
      [
        0.003082441631704569,
        0.5846483111381531,
        0.4122692942619324
      ],
      [
        0.08520964533090591,
        0.7522323727607727,
        0.16255798935890198
      ],
      [
        0.11573855578899384,
        0.829285204410553,
        0.0549762137234211
      ],
      [
        0.06762190908193588,
        0.8544135093688965,
        0.07796458899974823
      ],
      [
        0.2513589859008789,
        0.6678046584129333,
        0.08083638548851013
      ],
      [
        0.9008144736289978,
        0.0970710963010788,
        0.0021144170314073563
      ],
      [
        0.9262678027153015,
        0.07105997949838638,
        0.0026722545735538006
      ],
      [
        0.04104238376021385,
        0.9310249090194702,
        0.027932677417993546
      ],
      [
        0.027315791696310043,
        0.9216663241386414,
        0.05101790279150009
      ],
      [
        0.14591188728809357,
        0.8369256854057312,
        0.017162423580884933
      ],
      [
        0.03921856731176376,
        0.8779898285865784,
        0.08279158174991608
      ],
      [
        0.5548232793807983,
        0.44313618540763855,
        0.0020405687391757965
      ],
      [
        0.008730513975024223,
        0.9425121545791626,
        0.048757363110780716
      ],
      [
        0.9636120200157166,
        0.03555157408118248,
        0.0008363502565771341
      ],
      [
        0.028140107169747353,
        0.9338241815567017,
        0.038035765290260315
      ],
      [
        0.7907180786132812,
        0.20644532144069672,
        0.0028365920297801495
      ],
      [
        0.07143083214759827,
        0.5575599074363708,
        0.3710092008113861
      ],
      [
        0.3679840862751007,
        0.6237934231758118,
        0.008222467266023159
      ],
      [
        0.9532728791236877,
        0.04620983451604843,
        0.0005172137753106654
      ],
      [
        0.0417921356856823,
        0.9211410880088806,
        0.03706677258014679
      ],
      [
        0.5450453758239746,
        0.4485900402069092,
        0.006364555098116398
      ],
      [
        0.13753899931907654,
        0.8378349542617798,
        0.02462603524327278
      ],
      [
        0.9144761562347412,
        0.08453208208084106,
        0.0009917843854054809
      ],
      [
        0.8064984083175659,
        0.18900202214717865,
        0.004499511793255806
      ],
      [
        0.9484667778015137,
        0.050881367176771164,
        0.0006519104354083538
      ],
      [
        0.9410824179649353,
        0.058484312146902084,
        0.00043329145410098135
      ],
      [
        0.46383994817733765,
        0.5313628911972046,
        0.0047971270978450775
      ],
      [
        0.26658332347869873,
        0.7247387766838074,
        0.008677884005010128
      ],
      [
        0.9517825841903687,
        0.047426577657461166,
        0.0007908464758656919
      ],
      [
        0.0005367081030271947,
        0.04031817242503166,
        0.9591450691223145
      ],
      [
        0.04678313434123993,
        0.5803739428520203,
        0.3728428781032562
      ],
      [
        0.9139198660850525,
        0.07549060881137848,
        0.010589513927698135
      ],
      [
        0.47287920117378235,
        0.51279217004776,
        0.014328575693070889
      ],
      [
        0.9800651669502258,
        0.01972348615527153,
        0.00021140735771041363
      ],
      [
        0.15037314593791962,
        0.8402248024940491,
        0.00940200686454773
      ],
      [
        0.3469504714012146,
        0.6450293660163879,
        0.008020203560590744
      ],
      [
        0.1614045947790146,
        0.7904873490333557,
        0.0481080524623394
      ],
      [
        0.5201418995857239,
        0.4786090850830078,
        0.0012490638764575124
      ],
      [
        0.05362711846828461,
        0.9254825711250305,
        0.0208903681486845
      ],
      [
        0.5196198225021362,
        0.47202178835868835,
        0.008358408696949482
      ],
      [
        0.7981377243995667,
        0.19695629179477692,
        0.004905970301479101
      ],
      [
        0.1193639412522316,
        0.8453307151794434,
        0.03530538082122803
      ],
      [
        0.027150508016347885,
        0.9207736253738403,
        0.052075792104005814
      ],
      [
        0.038150787353515625,
        0.9472453594207764,
        0.014603882096707821
      ],
      [
        0.18660669028759003,
        0.8089123368263245,
        0.004480923991650343
      ],
      [
        0.7385114431381226,
        0.2562564015388489,
        0.00523214740678668
      ],
      [
        0.05155019834637642,
        0.9305551052093506,
        0.017894664779305458
      ],
      [
        0.024261342361569405,
        0.9616793990135193,
        0.014059231616556644
      ],
      [
        0.01604454778134823,
        0.9673891067504883,
        0.01656634733080864
      ],
      [
        0.5305881500244141,
        0.45485949516296387,
        0.014552298933267593
      ],
      [
        0.3640919029712677,
        0.6335742473602295,
        0.0023338475730270147
      ],
      [
        0.525352954864502,
        0.47089263796806335,
        0.0037543706130236387
      ],
      [
        0.7485628128051758,
        0.2502763867378235,
        0.0011608654167503119
      ],
      [
        0.34944960474967957,
        0.6433553099632263,
        0.007195139769464731
      ],
      [
        0.4181090295314789,
        0.5520994663238525,
        0.02979152649641037
      ],
      [
        0.040298234671354294,
        0.4649229347705841,
        0.4947788417339325
      ],
      [
        0.5911165475845337,
        0.3845101296901703,
        0.02437327802181244
      ],
      [
        0.18498241901397705,
        0.7803122401237488,
        0.0347052738070488
      ],
      [
        0.16137279570102692,
        0.831946074962616,
        0.006681152619421482
      ],
      [
        0.7410721778869629,
        0.2558461129665375,
        0.003081735922023654
      ],
      [
        0.11713705211877823,
        0.7048124074935913,
        0.17805053293704987
      ],
      [
        0.020003167912364006,
        0.9343534111976624,
        0.04564347490668297
      ],
      [
        0.9145641326904297,
        0.08435799181461334,
        0.0010779080912470818
      ],
      [
        0.1918267011642456,
        0.8024675250053406,
        0.005705757532268763
      ],
      [
        0.05171652510762215,
        0.9173840880393982,
        0.030899325385689735
      ],
      [
        0.03618679940700531,
        0.9485242366790771,
        0.01528899185359478
      ],
      [
        0.8392930626869202,
        0.15790292620658875,
        0.0028039843309670687
      ],
      [
        0.13824211061000824,
        0.8556287288665771,
        0.006129206623882055
      ],
      [
        0.806006133556366,
        0.18661104142665863,
        0.007382838986814022
      ],
      [
        0.04749958589673042,
        0.9169309735298157,
        0.035569414496421814
      ],
      [
        0.9581102728843689,
        0.04112396016716957,
        0.0007657979731447995
      ],
      [
        0.04928768426179886,
        0.9443442225456238,
        0.006368034519255161
      ],
      [
        0.8275757431983948,
        0.1675046980381012,
        0.004919617436826229
      ],
      [
        0.03957134485244751,
        0.9212598204612732,
        0.0391688346862793
      ],
      [
        0.13403192162513733,
        0.8575313091278076,
        0.0084367785602808
      ],
      [
        0.7307944893836975,
        0.2661351263523102,
        0.0030703532975167036
      ],
      [
        0.37656137347221375,
        0.6132373213768005,
        0.01020129770040512
      ],
      [
        0.3164031505584717,
        0.6806132793426514,
        0.0029835719615221024
      ],
      [
        0.7103602290153503,
        0.2787129878997803,
        0.010926736518740654
      ],
      [
        0.008462412282824516,
        0.9432121515274048,
        0.048325490206480026
      ],
      [
        0.05629754438996315,
        0.9328411817550659,
        0.010861271992325783
      ],
      [
        0.9240691065788269,
        0.0753236636519432,
        0.0006072602700442076
      ],
      [
        0.0071759759448468685,
        0.4790855050086975,
        0.5137385129928589
      ],
      [
        0.9525238275527954,
        0.04671888053417206,
        0.0007572286995127797
      ],
      [
        0.040061186999082565,
        0.8567371368408203,
        0.10320167988538742
      ],
      [
        0.8220779299736023,
        0.17620812356472015,
        0.0017139293486252427
      ],
      [
        0.27380380034446716,
        0.7229059338569641,
        0.003290227148681879
      ],
      [
        0.030995184555649757,
        0.8862484097480774,
        0.0827564001083374
      ],
      [
        0.06071345508098602,
        0.9104773998260498,
        0.02880910597741604
      ],
      [
        0.9934285283088684,
        0.006107024382799864,
        0.0004644488508347422
      ],
      [
        0.06561204791069031,
        0.7101415991783142,
        0.22424636781215668
      ],
      [
        0.033453185111284256,
        0.8129775524139404,
        0.15356922149658203
      ],
      [
        0.22035489976406097,
        0.7765315771102905,
        0.0031135196331888437
      ],
      [
        0.9725313186645508,
        0.026940925046801567,
        0.0005276931333355606
      ],
      [
        0.4176989197731018,
        0.5746402144432068,
        0.007660864386707544
      ],
      [
        0.8950062394142151,
        0.10237214714288712,
        0.0026216597761958838
      ],
      [
        0.3753592371940613,
        0.5972870588302612,
        0.027353646233677864
      ],
      [
        0.05450073629617691,
        0.9385525584220886,
        0.006946736481040716
      ],
      [
        0.29401251673698425,
        0.34502431750297546,
        0.3609631359577179
      ],
      [
        0.8146130442619324,
        0.18243040144443512,
        0.0029565615113824606
      ],
      [
        0.7454572319984436,
        0.25239622592926025,
        0.002146531827747822
      ],
      [
        0.009144461713731289,
        0.7788215279579163,
        0.21203404664993286
      ],
      [
        0.9907965660095215,
        0.008888229727745056,
        0.00031520496122539043
      ],
      [
        0.08097207546234131,
        0.6380587816238403,
        0.28096911311149597
      ],
      [
        0.5101042985916138,
        0.486860066652298,
        0.003035619156435132
      ],
      [
        0.005137643776834011,
        0.9856025576591492,
        0.009259858168661594
      ],
      [
        0.012467415072023869,
        0.7887284159660339,
        0.19880411028862
      ],
      [
        0.0507468581199646,
        0.7973976135253906,
        0.15185546875
      ],
      [
        0.9564553499221802,
        0.042276781052351,
        0.0012678244384005666
      ],
      [
        0.6698846220970154,
        0.3280743360519409,
        0.0020410276483744383
      ],
      [
        0.9797526597976685,
        0.01993420347571373,
        0.0003131526755169034
      ],
      [
        0.09401161223649979,
        0.854225218296051,
        0.05176311358809471
      ],
      [
        0.6181148290634155,
        0.37706422805786133,
        0.004820950794965029
      ],
      [
        0.011153430677950382,
        0.8855363726615906,
        0.10331019014120102
      ],
      [
        0.04334942623972893,
        0.9511845707893372,
        0.005466007627546787
      ],
      [
        0.051900412887334824,
        0.9389892816543579,
        0.009110325947403908
      ],
      [
        0.045596349984407425,
        0.8694514036178589,
        0.08495223522186279
      ],
      [
        0.9789155125617981,
        0.020855730399489403,
        0.00022872918634675443
      ],
      [
        0.3841100037097931,
        0.6027976870536804,
        0.01309231761842966
      ],
      [
        0.14601793885231018,
        0.843212902545929,
        0.010769161395728588
      ]
    ]
  },
  "Random Forest": {
    "accuracy": 0.69,
    "f1_macro": 0.5435810781759237,
    "f1_weighted": 0.6706515878543972,
    "predictions": [
      1,
      0,
      1,
      0,
      2,
      0,
      0,
      0,
      1,
      0,
      0,
      1,
      0,
      1,
      1,
      0,
      1,
      1,
      0,
      1,
      1,
      0,
      1,
      1,
      1,
      0,
      0,
      0,
      1,
      1,
      0,
      0,
      1,
      1,
      1,
      1,
      1,
      1,
      1,
      1,
      1,
      1,
      0,
      1,
      0,
      0,
      1,
      1,
      0,
      1,
      0,
      0,
      0,
      0,
      1,
      1,
      1,
      1,
      1,
      0,
      1,
      1,
      1,
      1,
      1,
      0,
      1,
      0,
      1,
      0,
      1,
      1,
      1,
      1,
      1,
      0,
      1,
      1,
      1,
      1,
      1,
      1,
      1,
      1,
      1,
      0,
      0,
      1,
      1,
      1,
      1,
      1,
      1,
      0,
      1,
      0,
      1,
      1,
      0,
      1,
      0,
      1,
      0,
      0,
      0,
      0,
      0,
      1,
      0,
      2,
      1,
      0,
      1,
      0,
      1,
      1,
      1,
      1,
      1,
      1,
      0,
      1,
      1,
      1,
      1,
      0,
      1,
      1,
      1,
      1,
      1,
      1,
      0,
      0,
      0,
      1,
      0,
      1,
      1,
      0,
      1,
      1,
      0,
      1,
      1,
      1,
      1,
      1,
      0,
      1,
      0,
      1,
      0,
      1,
      1,
      0,
      1,
      1,
      1,
      1,
      1,
      0,
      1,
      0,
      1,
      0,
      1,
      1,
      1,
      0,
      1,
      1,
      1,
      0,
      0,
      0,
      1,
      1,
      1,
      1,
      0,
      1,
      0,
      1,
      0,
      1,
      1,
      1,
      0,
      0,
      0,
      1,
      1,
      1,
      1,
      1,
      1,
      0,
      1,
      1
    ],
    "probabilities": [
      [
        0.25854300813585784,
        0.6837892770225673,
        0.05766771484157512
      ],
      [
        0.6588652185810645,
        0.32414240474951156,
        0.016992376669423957
      ],
      [
        0.38244516318993066,
        0.5450033345379173,
        0.07255150227215186
      ],
      [
        0.7424700098352723,
        0.254417634111195,
        0.003112356053532524
      ],
      [
        0.06356316019042554,
        0.43209839015811974,
        0.5043384496514548
      ],
      [
        0.6518504120253228,
        0.34104739459797406,
        0.0071021933767031805
      ],
      [
        0.5611245511045114,
        0.4008484390190163,
        0.03802700987647237
      ],
      [
        0.7554185047351233,
        0.23559716079034593,
        0.008984334474530554
      ],
      [
        0.46652303490507757,
        0.5036322961546122,
        0.029844668940310293
      ],
      [
        0.7146825981215951,
        0.27195230059193226,
        0.01336510128647262
      ],
      [
        0.5059159966663604,
        0.4332513149543136,
        0.06083268837932595
      ],
      [
        0.29586742241084907,
        0.6240611554981658,
        0.08007142209098506
      ],
      [
        0.876686993467938,
        0.12284615312403208,
        0.0004668534080298786
      ],
      [
        0.04101058335487401,
        0.6641982520574148,
        0.29479116458771143
      ],
      [
        0.28055810873161036,
        0.6338781145073773,
        0.08556377676101255
      ],
      [
        0.6486947582742008,
        0.349801012583162,
        0.0015042291426374471
      ],
      [
        0.4813367743002995,
        0.5122444703766775,
        0.006418755323022913
      ],
      [
        0.4783234971379494,
        0.5173096279069404,
        0.004366874955110249
      ],
      [
        0.5218642282765328,
        0.46935097274562526,
        0.008784798977842139
      ],
      [
        0.022265797497995638,
        0.7381795236218724,
        0.239554678880132
      ],
      [
        0.06746617821162727,
        0.8907756060299812,
        0.04175821575839127
      ],
      [
        0.615788092322575,
        0.3831012237524388,
        0.0011106839249861165
      ],
      [
        0.152597043834134,
        0.710726128630433,
        0.1366768275354328
      ],
      [
        0.19888092206139493,
        0.7726916017025938,
        0.02842747623601142
      ],
      [
        0.22503137147794156,
        0.6026255328762923,
        0.17234309564576616
      ],
      [
        0.8128371820973184,
        0.17689817921544615,
        0.010264638687235348
      ],
      [
        0.8292795226596652,
        0.16529540132702353,
        0.005425076013311307
      ],
      [
        0.7365365639861453,
        0.2554646809562759,
        0.007998755057578586
      ],
      [
        0.37616025455216867,
        0.5916100651789354,
        0.03222968026889596
      ],
      [
        0.47621274124294233,
        0.5213239967638071,
        0.0024632619932504593
      ],
      [
        0.6285102823761429,
        0.366262870549745,
        0.005226847074112297
      ],
      [
        0.9499755419910666,
        0.05002445800893326,
        0.0
      ],
      [
        0.2824923387647612,
        0.6798026649032468,
        0.03770499633199202
      ],
      [
        0.26011829360597666,
        0.6282580237775894,
        0.11162368261643356
      ],
      [
        0.11254001890296722,
        0.8299185685022259,
        0.057541412594806954
      ],
      [
        0.22767902294799908,
        0.7684947624703079,
        0.003826214581693243
      ],
      [
        0.19509299392754922,
        0.7123155458631297,
        0.09259146020932105
      ],
      [
        0.2090661400823088,
        0.6990300328709047,
        0.09190382704678604
      ],
      [
        0.3264435179388592,
        0.6540691149065302,
        0.01948736715461052
      ],
      [
        0.33862402326287305,
        0.6503141237923444,
        0.01106185294478259
      ],
      [
        0.35551785628285654,
        0.600257054035853,
        0.044225089681290713
      ],
      [
        0.08027929662062633,
        0.6165662174230035,
        0.3031544859563699
      ],
      [
        0.76388675036955,
        0.21325621630821093,
        0.022857033322239016
      ],
      [
        0.012012571315673362,
        0.5900262864015009,
        0.397961142282826
      ],
      [
        0.5835107348566462,
        0.4151261530535983,
        0.0013631120897556884
      ],
      [
        0.8366895028999223,
        0.16331049710007767,
        0.0
      ],
      [
        0.21768382356365254,
        0.6250810078220783,
        0.15723516861426878
      ],
      [
        0.007703081232492996,
        0.6694445899716805,
        0.3228523287958263
      ],
      [
        0.5281587764859822,
        0.435494327848107,
        0.03634689566591088
      ],
      [
        0.043511838180485686,
        0.8934236904768724,
        0.06306447134264193
      ],
      [
        0.6515283381472079,
        0.3384011771379398,
        0.010070484714852267
      ],
      [
        0.5297032372299435,
        0.43974644937347157,
        0.030550313396584896
      ],
      [
        0.5119717682670051,
        0.4381330443019452,
        0.0498951874310498
      ],
      [
        0.5301197514104391,
        0.38156680088645983,
        0.0883134477031011
      ],
      [
        0.05741551083899828,
        0.5366433839282868,
        0.4059411052327151
      ],
      [
        0.21581720812035102,
        0.6816801310259709,
        0.1025026608536779
      ],
      [
        0.11437264700077496,
        0.8278090130843252,
        0.05781833991489976
      ],
      [
        0.18835939150637745,
        0.6951450650664331,
        0.11649554342718908
      ],
      [
        0.28353448568209744,
        0.6232897304222055,
        0.09317578389569711
      ],
      [
        0.5553052778306189,
        0.43701965683572275,
        0.007675065333658183
      ],
      [
        0.19159988425467078,
        0.7065105264612155,
        0.10188958928411364
      ],
      [
        0.09518282999302002,
        0.8463750440926531,
        0.058442125914326806
      ],
      [
        0.46464291107279715,
        0.5036885225888277,
        0.03166856633837517
      ],
      [
        0.25988505899119685,
        0.7135149314148032,
        0.02660000959399976
      ],
      [
        0.41158034516134995,
        0.4619990946057381,
        0.12642056023291193
      ],
      [
        0.49498985571252013,
        0.4936299106119751,
        0.011380233675504725
      ],
      [
        0.47655372150213515,
        0.49092904076887095,
        0.032517237728993974
      ],
      [
        0.8460311274142603,
        0.15190905876121993,
        0.002059813824519707
      ],
      [
        0.4833034610777208,
        0.4988342212147604,
        0.017862317707518945
      ],
      [
        0.7612885720141157,
        0.2272873891685349,
        0.011424038817349082
      ],
      [
        0.06142436045670323,
        0.83056669347817,
        0.10800894606512625
      ],
      [
        0.14181496912045446,
        0.7327438269874705,
        0.12544120389207472
      ],
      [
        0.03474332864547155,
        0.7550634894903381,
        0.2101931818641903
      ],
      [
        0.18280114006397327,
        0.7192545380565302,
        0.09794432187949643
      ],
      [
        0.28240065648431967,
        0.6272149471623796,
        0.09038439635330064
      ],
      [
        0.4967273774170336,
        0.4395119707308459,
        0.06376065185212035
      ],
      [
        0.4551889178054591,
        0.5429934662592782,
        0.0018176159352629939
      ],
      [
        0.06697563084529636,
        0.7016110158640358,
        0.2314133532906677
      ],
      [
        0.020788512057338428,
        0.4897571038451188,
        0.4894543840975428
      ],
      [
        0.24369122750505945,
        0.6913861803982375,
        0.06492259209670306
      ],
      [
        0.02453410680054279,
        0.5295152824795198,
        0.4459506107199373
      ],
      [
        0.24144264067914462,
        0.6054123728587743,
        0.153144986462081
      ],
      [
        0.1042292958833662,
        0.8437946550471591,
        0.051976049069474665
      ],
      [
        0.1623139401483015,
        0.7155030995458017,
        0.1221829603058966
      ],
      [
        0.29316015848043225,
        0.6779751751328953,
        0.02886466638667208
      ],
      [
        0.778877048904881,
        0.21316197619066077,
        0.00796097490445818
      ],
      [
        0.7167611126569956,
        0.2796362436711566,
        0.003602643671847824
      ],
      [
        0.08665927869743702,
        0.7037887929124619,
        0.20955192839010073
      ],
      [
        0.013868384224421375,
        0.6162670009506664,
        0.3698646148249122
      ],
      [
        0.17612336332586723,
        0.7815999978752072,
        0.0422766387989256
      ],
      [
        0.029659115108031518,
        0.6407895967504277,
        0.329551288141541
      ],
      [
        0.33808918834750035,
        0.6574046189686832,
        0.004506192683816674
      ],
      [
        0.009816889718850504,
        0.6851666981847261,
        0.3050164120964237
      ],
      [
        0.9701726996998048,
        0.02982730030019534,
        0.0
      ],
      [
        0.005394750492789709,
        0.6426636450144404,
        0.3519416044927702
      ],
      [
        0.6578886588175465,
        0.33253506052774134,
        0.009576280654712029
      ],
      [
        0.08220057122595731,
        0.6606314180968729,
        0.25716801067717
      ],
      [
        0.22665067544489467,
        0.7233979878157041,
        0.04995133673940099
      ],
      [
        0.9905287534543512,
        0.009471246545648928,
        0.0
      ],
      [
        0.16155653152203056,
        0.7419205508857261,
        0.09652291759224313
      ],
      [
        0.5277508087428603,
        0.46179045907983773,
        0.01045873217730196
      ],
      [
        0.26504483451839334,
        0.6970858068143813,
        0.03786935866722553
      ],
      [
        0.7847875154782394,
        0.21022493394597458,
        0.00498755057578587
      ],
      [
        0.7508994700178759,
        0.2415544188460477,
        0.007546111136076534
      ],
      [
        0.8881714778539027,
        0.11144405463360198,
        0.00038446751249519417
      ],
      [
        0.9592392875947785,
        0.04076071240522159,
        0.0
      ],
      [
        0.619568868040007,
        0.36649195150135633,
        0.013939180458636537
      ],
      [
        0.3263004264789048,
        0.623825546635491,
        0.04987402688560406
      ],
      [
        0.9547466758539421,
        0.04459972937481588,
        0.0006535947712418301
      ],
      [
        0.014230300423407428,
        0.37080985537829336,
        0.6149598441982987
      ],
      [
        0.05100135573291251,
        0.7030953032448891,
        0.24590334102219824
      ],
      [
        0.7989321334374659,
        0.19604271805613346,
        0.005025148506400657
      ],
      [
        0.381636081883727,
        0.5813404621162109,
        0.03702345600006199
      ],
      [
        0.9154548591180406,
        0.08454514088195948,
        0.0
      ],
      [
        0.21284096550774037,
        0.7427105964112105,
        0.04444843808104901
      ],
      [
        0.3607166341689619,
        0.6017628087017803,
        0.03752055712925806
      ],
      [
        0.11229162318272333,
        0.7117317530833893,
        0.17597662373388703
      ],
      [
        0.4719525100264508,
        0.5164453520969013,
        0.01160213787664768
      ],
      [
        0.21533712037775457,
        0.7523826116240767,
        0.032280267998168695
      ],
      [
        0.3932352158157265,
        0.5767039957027885,
        0.03006078848148479
      ],
      [
        0.7458948070472926,
        0.24995788697149152,
        0.004147305981216015
      ],
      [
        0.2690298208706625,
        0.7064517276760531,
        0.024518451453284212
      ],
      [
        0.19370588263179964,
        0.6639405755489188,
        0.1423535418192815
      ],
      [
        0.030602282786159434,
        0.7884716966842985,
        0.18092602052954174
      ],
      [
        0.33730382497980704,
        0.6284208346145178,
        0.0342753404056749
      ],
      [
        0.5108261072560659,
        0.4414059261048901,
        0.047767966639044195
      ],
      [
        0.16698668954836787,
        0.704870522747797,
        0.1281427877038349
      ],
      [
        0.19406821527296944,
        0.7717134714285558,
        0.03421831329847477
      ],
      [
        0.18705382874470816,
        0.7367607590004814,
        0.07618541225481036
      ],
      [
        0.4314873193984798,
        0.5155552986342105,
        0.05295738196730992
      ],
      [
        0.42839010233839775,
        0.551243835380641,
        0.020366062280961234
      ],
      [
        0.47814127567819076,
        0.5008778747392094,
        0.020980849582599746
      ],
      [
        0.7740283805108059,
        0.22350965431096562,
        0.002461965178228154
      ],
      [
        0.5306568027136538,
        0.459812961253553,
        0.009530236032793576
      ],
      [
        0.543161404554547,
        0.44526142238524674,
        0.011577173060205902
      ],
      [
        0.007992010659254025,
        0.5714977758617685,
        0.4205102134789776
      ],
      [
        0.750755023343013,
        0.21799627387911508,
        0.031248702777871718
      ],
      [
        0.32683813140056284,
        0.6165133823365816,
        0.05664848626285523
      ],
      [
        0.27458846863412695,
        0.6320212183237054,
        0.09339031304216756
      ],
      [
        0.5194083428989845,
        0.42198897158502163,
        0.05860268551599425
      ],
      [
        0.05958199695603325,
        0.7049951843350132,
        0.2354228187089536
      ],
      [
        0.10715708436130163,
        0.6934173631627477,
        0.19942555247595017
      ],
      [
        0.6323572998749624,
        0.3544519166161579,
        0.013190783508879788
      ],
      [
        0.43660746491656766,
        0.556492258632983,
        0.006900276450449461
      ],
      [
        0.28196145562468106,
        0.5362647804151599,
        0.18177376396015896
      ],
      [
        0.08242536452400398,
        0.8702978565330057,
        0.04727677894299031
      ],
      [
        0.4811719167908349,
        0.48579283665305834,
        0.03303524655610677
      ],
      [
        0.35315536887059384,
        0.6149637654761617,
        0.03188086565324417
      ],
      [
        0.7566816144750548,
        0.2391568003176085,
        0.004161585207336842
      ],
      [
        0.0772593780239493,
        0.855872452642206,
        0.06686816933384439
      ],
      [
        0.9055867532280959,
        0.09340771635460925,
        0.0010055304172951233
      ],
      [
        0.05709905442973256,
        0.8974650667901016,
        0.04543587878016547
      ],
      [
        0.805876779165846,
        0.18749319508648132,
        0.006630025747672807
      ],
      [
        0.038369104432511215,
