{
  "student": {
    "XGBoost": {
      "accuracy": 0.715,
      "f1_macro": 0.6333999260081391,
      "f1_weighted": 0.6986610432852386,
      "predictions": [
        1,
        0,
        1,
        1,
        1,
        0,
        1,
        1,
        1,
        1,
        1,
        1,
        1,
        1,
        1,
        2,
        0,
        1,
        1,
        2,
        0,
        1,
        0,
        1,
        2,
        1,
        1,
        1,
        1,
        1,
        2,
        0,
        1,
        1,
        2,
        1,
        1,
        1,
        1,
        2,
        1,
        1,
        1,
        1,
        1,
        1,
        1,
        0,
        1,
        1,
        1,
        0,
        1,
        1,
        1,
        1,
        1,
        2,
        1,
        1,
        1,
        1,
        1,
        1,
        1,
        1,
        1,
        1,
        1,
        1,
        1,
        1,
        0,
        1,
        1,
        1,
        1,
        1,
        1,
        1,
        1,
        1,
        1,
        0,
        1,
        0,
        1,
        1,
        2,
        1,
        1,
        1,
        1,
        0,
        1,
        0,
        1,
        0,
        0,
        0,
        1,
        1,
        1,
        1,
        1,
        0,
        1,
        1,
        2,
        1,
        0,
        1,
        2,
        1,
        1,
        1,
        2,
        1,
        1,
        0,
        1,
        1,
        1,
        1,
        1,
        2,
        0,
        0,
        0,
        0,
        1,
        1,
        1,
        1,
        0,
        1,
        1,
        1,
        0,
        1,
        1,
        1,
        1,
        1,
        1,
        0,
        1,
        1,
        0,
        1,
        2,
        1,
        1,
        1,
        1,
        0,
        1,
        1,
        1,
        1,
        1,
        1,
        0,
        1,
        1,
        0,
        1,
        1,
        0,
        1,
        1,
        1,
        1,
        0,
        1,
        1,
        1,
        0,
        1,
        1,
        1,
        0,
        1,
        2,
        0,
        1,
        0,
        2,
        1,
        0,
        0,
        1,
        1,
        1,
        0,
        1,
        1,
        1,
        1,
        2
      ],
      "probabilities": [
        [
          0.04956388846039772,
          0.8690358996391296,
          0.08140026032924652
        ],
        [
          0.9111226797103882,
          0.0875362753868103,
          0.001341001014225185
        ],
        [
          0.033017598092556,
          0.7002642750740051,
          0.2667181193828583
        ],
        [
          0.487396240234375,
          0.4999057352542877,
          0.012698084115982056
        ],
        [
          0.12334348261356354,
          0.6810328364372253,
          0.19562369585037231
        ],
        [
          0.8138707280158997,
          0.18154683709144592,
          0.004582395311444998
        ],
        [
          0.09641283005475998,
          0.7334621548652649,
          0.17012500762939453
        ],
        [
          0.2234652042388916,
          0.7550100088119507,
          0.021524755284190178
        ],
        [
          0.06166542321443558,
          0.5238375067710876,
          0.414497047662735
        ],
        [
          0.27487459778785706,
          0.6128398776054382,
          0.11228550970554352
        ],
        [
          0.03775892034173012,
          0.7278525829315186,
          0.234388530254364
        ],
        [
          0.04024939239025116,
          0.7442439794540405,
          0.2155066430568695
        ],
        [
          0.07674235105514526,
          0.8841429948806763,
          0.03911465406417847
        ],
        [
          0.029747353866696358,
          0.8645437955856323,
          0.10570880025625229
        ],
        [
          0.014950405806303024,
          0.6744726300239563,
          0.31057703495025635
        ],
        [
          0.0012993225827813148,
          0.05253855139017105,
          0.9461621046066284
        ],
        [
          0.6781700253486633,
          0.3145149052143097,
          0.00731508107855916
        ],
        [
          0.3609951436519623,
          0.5269208550453186,
          0.11208400875329971
        ],
        [
          0.09358412772417068,
          0.6597868800163269,
          0.246628999710083
        ],
        [
          0.0546150729060173,
          0.46032989025115967,
          0.48505499958992004
        ],
        [
          0.5839687585830688,
          0.34858253598213196,
          0.0674486830830574
        ],
        [
          0.012802681885659695,
          0.7610347867012024,
          0.22616252303123474
        ],
        [
          0.8861075043678284,
          0.11130490899085999,
          0.0025875773280858994
        ],
        [
          0.08906126767396927,
          0.7838053107261658,
          0.12713344395160675
        ],
        [
          0.009928314946591854,
          0.45757269859313965,
          0.5324989557266235
        ],
        [
          0.05071808025240898,
          0.888653576374054,
          0.060628365725278854
        ],
        [
          0.018591292202472687,
          0.7619642019271851,
          0.21944445371627808
        ],
        [
          0.33328044414520264,
          0.5966381430625916,
          0.07008137553930283
        ],
        [
          0.01163947768509388,
          0.817553699016571,
          0.17080676555633545
        ],
        [
          0.03164655342698097,
          0.8023601770401001,
          0.1659933179616928
        ],
        [
          0.023392805829644203,
          0.3053748607635498,
          0.6712323427200317
        ],
        [
          0.5578593611717224,
          0.42246365547180176,
          0.019676925614476204
        ],
        [
          0.03316454589366913,
          0.8808463215827942,
          0.0859890878200531
        ],
        [
          0.24481311440467834,
          0.6766387224197388,
          0.07854821532964706
        ],
        [
          0.010304007679224014,
          0.20329730212688446,
          0.7863986492156982
        ],
        [
          0.2358640879392624,
          0.7370452880859375,
          0.027090582996606827
        ],
        [
          0.19829784333705902,
          0.6904387474060059,
          0.11126335710287094
        ],
        [
          0.09195170551538467,
          0.8247953057289124,
          0.08325300365686417
        ],
        [
          0.13314223289489746,
          0.821866512298584,
          0.04499127343297005
        ],
        [
          0.046297408640384674,
          0.4523429572582245,
          0.5013596415519714
        ],
        [
          0.08548940718173981,
          0.8648725152015686,
          0.0496380589902401
        ],
        [
          0.285346657037735,
          0.6909067034721375,
          0.02374660223722458
        ],
        [
          0.18713827431201935,
          0.7806720733642578,
          0.03218963369727135
        ],
        [
          0.010031620040535927,
          0.5519402027130127,
          0.4380281865596771
        ],
        [
          0.04726485535502434,
          0.8167319893836975,
          0.13600310683250427
        ],
        [
          0.3522671163082123,
          0.6342801451683044,
          0.013452787883579731
        ],
        [
          0.0863025039434433,
          0.8706225156784058,
          0.04307502508163452
        ],
        [
          0.7529833912849426,
          0.23782038688659668,
          0.00919619482010603
        ],
        [
          0.0139484703540802,
          0.5499904155731201,
          0.43606114387512207
        ],
        [
          0.03130943700671196,
          0.8959065079689026,
          0.07278408110141754
        ],
        [
          0.35832712054252625,
          0.6112557649612427,
          0.030417101457715034
        ],
        [
          0.4864012897014618,
          0.38566234707832336,
          0.12793633341789246
        ],
        [
          0.05026306211948395,
          0.8054236173629761,
          0.1443132907152176
        ],
        [
          0.21000435948371887,
          0.7224373817443848,
          0.06755826622247696
        ],
        [
          0.12638074159622192,
          0.8147584795951843,
          0.05886084958910942
        ],
        [
          0.06656894832849503,
          0.868155300617218,
          0.06527573615312576
        ],
        [
          0.1375022828578949,
          0.8236381411552429,
          0.03885955736041069
        ],
        [
          0.006301973480731249,
          0.31405481696128845,
          0.6796431541442871
        ],
        [
          0.014906826429069042,
          0.816904604434967,
          0.16818858683109283
        ],
        [
          0.17673437297344208,
          0.7460191249847412,
          0.07724656164646149
        ],
        [
          0.023598456755280495,
          0.8203921318054199,
          0.15600945055484772
        ],
        [
          0.1550663262605667,
          0.7798835635185242,
          0.06505008786916733
        ],
        [
          0.12743569910526276,
          0.609431266784668,
          0.2631330192089081
        ],
        [
          0.017154231667518616,
          0.8863196969032288,
          0.09652610868215561
        ],
        [
          0.05398429557681084,
          0.6517720222473145,
          0.294243723154068
        ],
        [
          0.20432355999946594,
          0.7760602235794067,
          0.01961616799235344
        ],
        [
          0.046231094747781754,
          0.88234543800354,
          0.07142345607280731
        ],
        [
          0.0760309174656868,
          0.8819707632064819,
          0.04199839383363724
        ],
        [
          0.02676573395729065,
          0.9112881422042847,
          0.06194610893726349
        ],
        [
          0.04369238018989563,
          0.8159534931182861,
          0.14035412669181824
        ],
        [
          0.008948864415287971,
          0.7948816418647766,
          0.19616951048374176
        ],
        [
          0.012832230888307095,
          0.6993258595466614,
          0.28784194588661194
        ],
        [
          0.6082053780555725,
          0.37752965092658997,
          0.014265032485127449
        ],
        [
          0.2972806394100189,
          0.676119327545166,
          0.02660001441836357
        ],
        [
          0.10134200006723404,
          0.8297420144081116,
          0.0689159706234932
        ],
        [
          0.33489835262298584,
          0.5551174879074097,
          0.10998412221670151
        ],
        [
          0.2635127007961273,
          0.6942433714866638,
          0.04224393144249916
        ],
        [
          0.07198335230350494,
          0.8407660722732544,
          0.08725059032440186
        ],
        [
          0.06349731981754303,
          0.8780468702316284,
          0.05845578759908676
        ],
        [
          0.15664122998714447,
          0.796620786190033,
          0.04673800244927406
        ],
        [
          0.04625403881072998,
          0.909574568271637,
          0.044171418994665146
        ],
        [
          0.017873460426926613,
          0.7257469296455383,
          0.2563796043395996
        ],
        [
          0.046925101429224014,
          0.9101440906524658,
          0.04293075576424599
        ],
        [
          0.6001522541046143,
          0.3719500005245209,
          0.0278977882117033
        ],
        [
          0.39105382561683655,
          0.5605971813201904,
          0.04834900423884392
        ],
        [
          0.6151143908500671,
          0.37628617882728577,
          0.008599493652582169
        ],
        [
          0.34495505690574646,
          0.6142086386680603,
          0.04083633050322533
        ],
        [
          0.33208781480789185,
          0.6550134420394897,
          0.012898745015263557
        ],
        [
          0.010451137088239193,
          0.3218761086463928,
          0.6676727533340454
        ],
        [
          0.40557006001472473,
          0.5643017888069153,
          0.030128156766295433
        ],
        [
          0.025103041902184486,
          0.8842319846153259,
          0.09066493064165115
        ],
        [
          0.13182222843170166,
          0.7272726893424988,
          0.14090509712696075
        ],
        [
          0.04055928811430931,
          0.8901821374893188,
          0.06925863772630692
        ],
        [
          0.5257101655006409,
          0.4538258910179138,
          0.020463911816477776
        ],
        [
          0.10137355327606201,
          0.8158385157585144,
          0.08278793096542358
        ],
        [
          0.6355227828025818,
          0.3402136266231537,
          0.024263624101877213
        ],
        [
          0.021775001659989357,
          0.8983354568481445,
          0.07988949120044708
        ],
        [
          0.7178432941436768,
          0.2707765996456146,
          0.01138017326593399
        ],
        [
          0.7561644911766052,
          0.2257281243801117,
          0.018107431009411812
        ],
        [
          0.7582401633262634,
          0.23584045469760895,
          0.005919433664530516
        ],
        [
          0.08349090814590454,
          0.7833420634269714,
          0.1331670731306076
        ],
        [
          0.01812952570617199,
          0.5331792235374451,
          0.4486912488937378
        ],
        [
          0.014656653627753258,
          0.8686215877532959,
          0.1167217567563057
        ],
        [
          0.3460167348384857,
          0.643818199634552,
          0.010165051557123661
        ],
        [
          0.4464151859283447,
          0.5097679495811462,
          0.04381685331463814
        ],
        [
          0.6004796028137207,
          0.38442328572273254,
          0.015097090974450111
        ],
        [
          0.013145391829311848,
          0.6392835378646851,
          0.3475710451602936
        ],
        [
          0.007734653539955616,
          0.5220577716827393,
          0.4702075719833374
        ],
        [
          0.012502172961831093,
          0.4292986989021301,
          0.5581991672515869
        ],
        [
          0.038897521793842316,
          0.7915118336677551,
          0.16959060728549957
        ],
        [
          0.7997761368751526,
          0.17844071984291077,
          0.02178315818309784
        ],
        [
          0.14285717904567719,
          0.800180196762085,
          0.05696269869804382
        ],
        [
          0.002477328758686781,
          0.29579591751098633,
          0.7017267346382141
        ],
        [
          0.18988963961601257,
          0.7888413667678833,
          0.021268954500555992
        ],
        [
          0.06576993316411972,
          0.872533917427063,
          0.06169617921113968
        ],
        [
          0.03926948457956314,
          0.6195513010025024,
          0.341179221868515
        ],
        [
          0.004406996536999941,
          0.3504204750061035,
          0.6451725363731384
        ],
        [
          0.3178444802761078,
          0.6689061522483826,
          0.013249422423541546
        ],
        [
          0.15231812000274658,
          0.7278864979743958,
          0.11979536712169647
        ],
        [
          0.5366189479827881,
          0.41072729229927063,
          0.0526537224650383
        ],
        [
          0.035171590745449066,
          0.5731266140937805,
          0.3917017877101898
        ],
        [
          0.015532693825662136,
          0.6674114465713501,
          0.3170558214187622
        ],
        [
          0.48144596815109253,
          0.49711230397224426,
          0.02144172415137291
        ],
        [
          0.22038397192955017,
          0.7564682960510254,
          0.0231477078050375
        ],
        [
          0.06597954034805298,
          0.7902061939239502,
          0.14381425082683563
        ],
        [
          0.005344105884432793,
          0.3848727345466614,
          0.6097831130027771
        ],
        [
          0.5590226054191589,
          0.4184398055076599,
          0.022537624463438988
        ],
        [
          0.6760494709014893,
          0.31801721453666687,
          0.005933296866714954
        ],
        [
          0.507262647151947,
          0.47662070393562317,
          0.016116678714752197
        ],
        [
          0.5884042382240295,
          0.39936667680740356,
          0.012229086831212044
        ],
        [
          0.04580824822187424,
          0.7896141409873962,
          0.16457761824131012
        ],
        [
          0.3125409185886383,
          0.6192758679389954,
          0.06818319857120514
        ],
        [
          0.26301002502441406,
          0.6295458078384399,
          0.107444167137146
        ],
        [
          0.34324294328689575,
          0.6491789221763611,
          0.007578191813081503
        ],
        [
          0.8912275433540344,
          0.10366673767566681,
          0.005105759482830763
        ],
        [
          0.3902299106121063,
          0.5675287246704102,
          0.042241375893354416
        ],
        [
          0.06131812557578087,
          0.8260216116905212,
          0.1126602366566658
        ],
        [
          0.22285890579223633,
          0.7479544878005981,
          0.02918657660484314
        ],
        [
          0.6984127759933472,
          0.2906968593597412,
          0.010890383273363113
        ],
        [
          0.059112053364515305,
          0.8150608539581299,
          0.12582704424858093
        ],
        [
          0.030549034476280212,
          0.6863835453987122,
          0.2830674350261688
        ],
        [
          0.34524574875831604,
          0.5711842179298401,
          0.08357002586126328
        ],
        [
          0.21046756207942963,
          0.7568373680114746,
          0.03269510716199875
        ],
        [
          0.1516256183385849,
          0.7941482067108154,
          0.054226215928792953
        ],
        [
          0.4387113153934479,
          0.53572678565979,
          0.02556190825998783
        ],
        [
          0.8559417128562927,
          0.14064064621925354,
          0.0034176090266555548
        ],
        [
          0.288213312625885,
          0.5997735261917114,
          0.11201313138008118
        ],
        [
          0.08709666877985,
          0.8885118365287781,
          0.02439146488904953
        ],
        [
          0.5941497683525085,
          0.39881250262260437,
          0.00703775929287076
        ],
        [
          0.10740550607442856,
          0.8492910265922546,
          0.043303459882736206
        ],
        [
          0.026635659858584404,
          0.4743673503398895,
          0.4989969730377197
        ],
        [
          0.13824689388275146,
          0.6483088135719299,
          0.2134442925453186
        ],
        [
          0.04077376052737236,
          0.7676935195922852,
          0.19153271615505219
        ],
        [
          0.46699824929237366,
          0.5085417628288269,
          0.02445998787879944
        ],
        [
          0.0957808643579483,
          0.7041341662406921,
          0.20008495450019836
        ],
        [
          0.4924577474594116,
          0.4620519280433655,
          0.04549035429954529
        ],
        [
          0.13835568726062775,
          0.8312655091285706,
          0.03037881851196289
        ],
        [
          0.06464354693889618,
          0.7527891397476196,
          0.1825672835111618
        ],
        [
          0.09427089989185333,
          0.8003727793693542,
          0.10535634309053421
        ],
        [
          0.03750772774219513,
          0.5295030474662781,
          0.432989239692688
        ],
        [
          0.11688762158155441,
          0.8274245262145996,
          0.0556878000497818
        ],
        [
          0.028336601331830025,
          0.5609772801399231,
          0.41068607568740845
        ],
        [
          0.6340940594673157,
          0.3454381823539734,
          0.02046775259077549
        ],
        [
          0.15564711391925812,
          0.6838055849075317,
          0.16054730117321014
        ],
        [
          0.08659112453460693,
          0.8351927399635315,
          0.07821617275476456
        ],
        [
          0.5063260197639465,
          0.4826298952102661,
          0.011044133454561234
        ],
        [
          0.3588932752609253,
          0.6197055578231812,
          0.021401207894086838
        ],
        [
          0.04080832749605179,
          0.6212385892868042,
          0.3379530906677246
        ],
        [
          0.8319164514541626,
          0.16509218513965607,
          0.0029913452453911304
        ],
        [
          0.1660793572664261,
          0.8164443373680115,
          0.017476262524724007
        ],
        [
          0.12876346707344055,
          0.7521308064460754,
          0.11910571157932281
        ],
        [
          0.016308337450027466,
          0.5898278951644897,
          0.3938637673854828
        ],
        [
          0.19698967039585114,
          0.7669504284858704,
          0.036059875041246414
        ],
        [
          0.5880979895591736,
          0.397536963224411,
          0.014365031383931637
        ],
        [
          0.17457957565784454,
          0.7527865767478943,
          0.07263386249542236
        ],
        [
          0.294647753238678,
          0.6273460388183594,
          0.07800614833831787
        ],
        [
          0.1155439019203186,
          0.8432735800743103,
          0.04118257761001587
        ],
        [
          0.6735983490943909,
          0.3085339069366455,
          0.017867708578705788
        ],
        [
          0.06388169527053833,
          0.8772560358047485,
          0.05886223539710045
        ],
        [
          0.09272028505802155,
          0.7083080410957336,
          0.1989716738462448
        ],
        [
          0.16833661496639252,
          0.766753613948822,
          0.06490974128246307
        ],
        [
          0.493854284286499,
          0.4845346510410309,
          0.0216110460460186
        ],
        [
          0.41374316811561584,
          0.5598891973495483,
          0.026367610320448875
        ],
        [
          0.0602031908929348,
          0.34613728523254395,
          0.593659520149231
        ],
        [
          0.8442052006721497,
          0.151148721575737,
          0.004646094050258398
        ],
        [
          0.011515282094478607,
          0.6372820734977722,
          0.3512026071548462
        ],
        [
          0.7813600897789001,
          0.2134133279323578,
          0.005226507782936096
        ],
        [
          0.002494114451110363,
          0.1475147008895874,
          0.8499912023544312
        ],
        [
          0.032287321984767914,
          0.9112163782119751,
          0.056496310979127884
        ],
        [
          0.6662645936012268,
          0.325732946395874,
          0.008002474904060364
        ],
        [
          0.8001068830490112,
          0.14452961087226868,
          0.05536351725459099
        ],
        [
          0.20690006017684937,
          0.770753026008606,
          0.022346878424286842
        ],
        [
          0.23005948960781097,
          0.5668322443962097,
          0.20310832560062408
        ],
        [
          0.013844968751072884,
          0.7136614322662354,
          0.2724935710430145
        ],
        [
          0.4986112713813782,
          0.48014235496520996,
          0.021246325224637985
        ],
        [
          0.1397843062877655,
          0.8350715637207031,
          0.025144092738628387
        ],
        [
          0.039211928844451904,
          0.8448805809020996,
          0.1159074530005455
        ],
        [
          0.0551297552883625,
          0.6281607151031494,
          0.31670957803726196
        ],
        [
          0.03974666818976402,
          0.7753309607505798,
          0.18492238223552704
        ],
        [
          0.11134769022464752,
          0.39152073860168457,
          0.4971315562725067
        ]
      ]
    },
    "Random Forest": {
      "accuracy": 0.725,
      "f1_macro": 0.6492489826119127,
      "f1_weighted": 0.7099893451720312,
      "predictions": [
        1,
        0,
        1,
        0,
        1,
        0,
        1,
        1,
        1,
        1,
        1,
        1,
        1,
        1,
        1,
        2,
        0,
        1,
        1,
        1,
        0,
        1,
        0,
        1,
        2,
        1,
        1,
        1,
        1,
        1,
        2,
        0,
        1,
        1,
        2,
        1,
        1,
        1,
        1,
        1,
        1,
        1,
        1,
        2,
        1,
        1,
        1,
        0,
        2,
        1,
        1,
        1,
        1,
        1,
        1,
        1,
        1,
        2,
        1,
        1,
        1,
        1,
        1,
        1,
        1,
        1,
        1,
        1,
        1,
        1,
        1,
        1,
        0,
        1,
        1,
        1,
        1,
        1,
        1,
        1,
        1,
        1,
        1,
        0,
        1,
        0,
        1,
        1,
        2,
        1,
        1,
        1,
        1,
        0,
        1,
        0,
        1,
        0,
        0,
        0,
        1,
        1,
        1,
        1,
        1,
        0,
        1,
        2,
        2,
        1,
        0,
        1,
        2,
        1,
        1,
        1,
        2,
        1,
        1,
        0,
        1,
        1,
        0,
        1,
        1,
        2,
        1,
        0,
        0,
        0,
        1,
        1,
        1,
        1,
        0,
        0,
        1,
        1,
        0,
        1,
        1,
        1,
        1,
        1,
        0,
        0,
        1,
        1,
        0,
        1,
        2,
        1,
        1,
        1,
        1,
        1,
        1,
        1,
        1,
        1,
        1,
        1,
        0,
        1,
        1,
        1,
        1,
        1,
        0,
        1,
        1,
        2,
        1,
        0,
        1,
        1,
        1,
        0,
        1,
        1,
        1,
        0,
        1,
        1,
        0,
        1,
        0,
        2,
        1,
        0,
        0,
        1,
        1,
        1,
        0,
        1,
        1,
        1,
        1,
        1
      ],
      "probabilities": [
        [
          0.15245331134672852,
          0.6858997891752613,
          0.16164689947801017
        ],
        [
          0.8068754386728962,
          0.191364208062991,
          0.0017603532641126626
        ],
        [
          0.0011904761904761906,
          0.6112432162533734,
          0.38756630755615024
        ],
        [
          0.6877560572292725,
          0.3114998951516796,
          0.000744047619047619
        ],
        [
          0.14182884426416045,
          0.6921635082998967,
          0.16600764743594243
        ],
        [
          0.7541715727203756,
          0.24401138467310807,
          0.0018170426065162908
        ],
        [
          0.14227646120199192,
          0.629152497501679,
          0.22857104129632871
        ],
        [
          0.23257577144908168,
          0.7347322181803365,
          0.032692010370581795
        ],
        [
          0.056974581822330984,
          0.6935473313384405,
          0.2494780868392287
        ],
        [
          0.28200485853837987,
          0.6489456710740157,
          0.06904947038760433
        ],
        [
          0.023497910819339392,
          0.7635791138775704,
          0.2129229753030904
        ],
        [
          0.01267202533187188,
          0.7120509295737766,
          0.2752770450943513
        ],
        [
          0.06191670225206751,
          0.8563762170401331,
          0.0817070807077994
        ],
        [
          0.033906705411013656,
          0.8368681422739399,
          0.12922515231504614
        ],
        [
          0.002494331065759637,
          0.6398964332718875,
          0.3576092356623527
        ],
        [
          0.0,
          0.13992874927956908,
          0.8600712507204307
        ],
        [
          0.8287177416306384,
          0.16403347210271807,
          0.007248786266643409
        ],
        [
          0.20303376520152477,
          0.715970737849031,
          0.0809954969494443
        ],
        [
          0.009957886316581968,
          0.5754835123786691,
          0.41455860130474875
        ],
        [
          0.05397981279781368,
          0.5972014620076391,
          0.34881872519454743
        ],
        [
          0.6245456136955786,
          0.3540766634034091,
          0.021377722901012423
        ],
        [
          0.0,
          0.7104497044417578,
          0.28955029555824224
        ],
        [
          0.8363018942565236,
          0.1623712592153916,
          0.001326846528084918
        ],
        [
          0.14916712761250578,
          0.7158544803640997,
          0.13497839202339423
        ],
        [
          0.0,
          0.49684851457123014,
          0.5031514854287698
        ],
        [
          0.03577183508449493,
          0.8813975045157378,
          0.08283066039976698
        ],
        [
          0.012908718265861121,
          0.6633638176821742,
          0.32372746405196456
        ],
        [
          0.2933483856978415,
          0.6460452771026838,
          0.06060633719947446
        ],
        [
          0.0,
          0.7294259164533954,
          0.2705740835466045
        ],
        [
          0.028181888418689665,
          0.7593671297643784,
          0.2124509818169319
        ],
        [
          0.0,
          0.30902844491637155,
          0.6909715550836284
        ],
        [
          0.6205268393774427,
          0.35941966914049434,
          0.02005349148206291
        ],
        [
          0.06599033555972336,
          0.7404500695590269,
          0.19355959488124938
        ],
        [
          0.3413049974616735,
          0.6088346021117128,
          0.04986040042661376
        ],
        [
          0.0,
          0.2511978575464026,
          0.7488021424535971
        ],
        [
          0.2513224067922355,
          0.7230119559349845,
          0.02566563727278013
        ],
        [
          0.3322547381018768,
          0.6499336875076015,
          0.017811574390521757
        ],
        [
          0.04691552495123924,
          0.8956657363800221,
          0.05741873866873867
        ],
        [
          0.07415294252285627,
          0.886379349617408,
          0.03946770785973572
        ],
        [
          0.1025553102175725,
          0.6107780508343936,
          0.2866666389480338
        ],
        [
          0.22311581323937577,
          0.6822439921660399,
          0.09464019459458424
        ],
        [
          0.2665972268700837,
          0.6862825844009262,
          0.047120188728990146
        ],
        [
          0.384621054566937,
          0.591816598475875,
          0.02356234695718793
        ],
        [
          0.0,
          0.39863709309922346,
          0.6013629069007764
        ],
        [
          0.08290412618788702,
          0.7022460478327969,
          0.21484982597931604
        ],
        [
          0.3492009948116448,
          0.6114852689385286,
          0.039313736249826474
        ],
        [
          0.08304585886822728,
          0.8105334671184957,
          0.10642067401327686
        ],
        [
          0.7596016045749167,
          0.23291941441032316,
          0.007478981014760118
        ],
        [
          0.012436641323195946,
          0.48233079865888306,
          0.505232560017921
        ],
        [
          0.03181676629266191,
          0.8328105233014562,
          0.13537271040588159
        ],
        [
          0.3031987066542485,
          0.6453936371574219,
          0.05140765618832991
        ],
        [
          0.26692186047206434,
          0.6507169071348542,
          0.08236123239308152
        ],
        [
          0.003968253968253968,
          0.713157514092312,
          0.2828742319394341
        ],
        [
          0.2384043431314622,
          0.6292579839526772,
          0.1323376729158607
        ],
        [
          0.26721512792466634,
          0.6961801922564602,
          0.036604679818873394
        ],
        [
          0.07582662741177233,
          0.8698839019944092,
          0.054289470593818404
        ],
        [
          0.1474569088471171,
          0.8141567090165005,
          0.03838638213638214
        ],
        [
          0.0,
          0.369375062589156,
          0.630624937410844
        ],
        [
          0.0,
          0.557746723428667,
          0.4422532765713329
        ],
        [
          0.08310311440305143,
          0.8819335428056916,
          0.03496334279125657
        ],
        [
          0.02007124211071579,
          0.7327218204824544,
          0.24720693740682967
        ],
        [
          0.11554895960951865,
          0.8204621688123239,
          0.06398887157815727
        ],
        [
          0.419591189110237,
          0.49400310062360164,
          0.08640571026616138
        ],
        [
          0.002380952380952381,
          0.733684475344139,
          0.2639345722749084
        ],
        [
          0.004563492063492063,
          0.6021329120813163,
          0.3933035958551915
        ],
        [
          0.25113068544330924,
          0.7311159430674171,
          0.017753371489273743
        ],
        [
          0.048510474361923635,
          0.7440001422795844,
          0.20748938335849182
        ],
        [
          0.16013821147374738,
          0.828433992394509,
          0.0114277961317435
        ],
        [
          0.02251202501202501,
          0.8595888208675692,
          0.11789915412040577
        ],
        [
          0.12291883109021061,
          0.7969993790065709,
          0.08008178990321849
        ],
        [
          0.007142857142857143,
          0.6850032246469111,
          0.3078539182102318
        ],
        [
          0.0,
          0.6532875672919835,
          0.3467124327080163
        ],
        [
          0.7209666366026332,
          0.2785924462897826,
          0.0004409171075837742
        ],
        [
          0.43566578096842373,
          0.5140847402494887,
          0.050249478782087464
        ],
        [
          0.24307152237658644,
          0.6235313429376714,
          0.13339713468574224
        ],
        [
          0.41491966978505135,
          0.5610845669878349,
          0.023995763227113668
        ],
        [
          0.4574760220369821,
          0.5325167614152565,
          0.010007216547761459
        ],
        [
          0.06598317270309752,
          0.7928308852678598,
          0.14118594202904242
        ],
        [
          0.09795872199122972,
          0.7679890689150971,
          0.13405220909367305
        ],
        [
          0.2105032470188727,
          0.7096474425867042,
          0.07984931039442318
        ],
        [
          0.062290912561810394,
          0.8642841505084427,
          0.07342493692974673
        ],
        [
          0.000992063492063492,
          0.7464939975348268,
          0.2525139389731096
        ],
        [
          0.03254703815849327,
          0.93274682802823,
          0.03470613381327667
        ],
        [
          0.571891665576194,
          0.3743265760207423,
          0.05378175840306382
        ],
        [
          0.3126279909276924,
          0.5199804685093274,
          0.1673915405629802
        ],
        [
          0.6847062136411428,
          0.2991620755773785,
          0.016131710781478584
        ],
        [
          0.41647780126696865,
          0.534336436542611,
          0.049185762190420576
        ],
        [
          0.3762935550701159,
          0.6037290534462814,
          0.01997739148360267
        ],
        [
          0.0,
          0.2856613041435111,
          0.7143386958564888
        ],
        [
          0.30448919049571893,
          0.6874923298243105,
          0.008018479679970361
        ],
        [
          0.036673257819874364,
          0.7529714353941441,
          0.2103553067859815
        ],
        [
          0.23987245504288993,
          0.619307869044627,
          0.14081967591248304
        ],
        [
          0.049633699633699624,
          0.8020955686419697,
          0.14827073172433053
        ],
        [
          0.5869926828064458,
          0.39278925522129043,
          0.020218061972263654
        ],
        [
          0.255977212706536,
          0.672973898947657,
          0.07104888834580712
        ],
        [
          0.5761325818985755,
          0.4207022631505554,
          0.003165154950869236
        ],
        [
          0.0011904761904761906,
          0.6185692650019122,
          0.38024025880761136
        ],
        [
          0.7054979487203108,
          0.2815021594651135,
          0.012999891814575584
        ],
        [
          0.6525643906040082,
          0.309949405086101,
          0.037486204309890685
        ],
        [
          0.7120999017247562,
          0.2763095451086035,
          0.01159055316664012
        ],
        [
          0.10755911397192909,
          0.7658633820967962,
          0.12657750393127434
        ],
        [
          0.0,
          0.6194952832578308,
          0.3805047167421694
        ],
        [
          0.0727458818967001,
          0.7106818646089978,
          0.21657225349430206
        ],
        [
          0.35912969765691394,
          0.6137290022851191,
          0.027141300057966725
        ],
        [
          0.45059833589804216,
          0.5313502179342651,
          0.018051446167692668
        ],
        [
          0.5411992060336746,
          0.4141405771127854,
          0.04466021685353984
        ],
        [
          0.0,
          0.5183183389190132,
          0.48168166108098665
        ],
        [
          0.0013227513227513227,
          0.39285074900933203,
          0.6058264996679166
        ],
        [
          0.0018315018315018315,
          0.43424025662514304,
          0.5639282415433552
        ],
        [
          0.007142857142857143,
          0.5439809201245801,
          0.44887622273256284
        ],
        [
          0.7665074684879967,
          0.21866750601884585,
          0.014825025493157538
        ],
        [
          0.16009281699554376,
          0.7949470096087236,
          0.044960173395732404
        ],
        [
          0.0,
          0.35375053436547876,
          0.6462494656345211
        ],
        [
          0.13307634281373776,
          0.8446672118730941,
          0.022256445313168
        ],
        [
          0.12998532969353163,
          0.8409725997373463,
          0.0290420705691219
        ],
        [
          0.02657116032116032,
          0.5667827062188324,
          0.4066461334600073
        ],
        [
          0.0,
          0.31235092954774707,
          0.687649070452253
        ],
