{
  "XGBoost": {
    "accuracy": 0.705,
    "f1_macro": 0.5937394347205505,
    "f1_weighted": 0.6890214495727846,
    "predictions": [
      1,
      1,
      0,
      1,
      1,
      1,
      1,
      1,
      1,
      1,
      1,
      0,
      0,
      1,
      1,
      0,
      1,
      1,
      1,
      1,
      1,
      1,
      1,
      1,
      1,
      1,
      1,
      1,
      1,
      0,
      1,
      1,
      1,
      1,
      1,
      0,
      1,
      1,
      1,
      2,
      1,
      2,
      1,
      0,
      1,
      1,
      1,
      2,
      2,
      1,
      1,
      1,
      1,
      1,
      1,
      1,
      1,
      1,
      1,
      1,
      1,
      1,
      1,
      1,
      1,
      1,
      0,
      1,
      1,
      1,
      1,
      1,
      1,
      0,
      1,
      1,
      1,
      1,
      2,
      1,
      1,
      0,
      1,
      2,
      1,
      1,
      1,
      1,
      2,
      1,
      1,
      1,
      1,
      2,
      0,
      1,
      1,
      1,
      1,
      1,
      0,
      1,
      1,
      1,
      2,
      1,
      0,
      1,
      1,
      0,
      1,
      1,
      0,
      1,
      1,
      1,
      1,
      1,
      1,
      0,
      1,
      1,
      0,
      0,
      1,
      1,
      1,
      1,
      1,
      1,
      1,
      1,
      0,
      1,
      2,
      0,
      0,
      1,
      0,
      0,
      1,
      1,
      1,
      1,
      0,
      0,
      1,
      1,
      0,
      1,
      1,
      0,
      2,
      1,
      1,
      1,
      1,
      0,
      1,
      1,
      2,
      1,
      1,
      2,
      1,
      1,
      1,
      1,
      1,
      1,
      0,
      0,
      1,
      1,
      2,
      1,
      1,
      1,
      1,
      1,
      1,
      0,
      1,
      1,
      1,
      1,
      2,
      0,
      2,
      1,
      2,
      1,
      1,
      1,
      0,
      1,
      1,
      1,
      0,
      0
    ],
    "probabilities": [
      [
        0.0070169405080378056,
        0.7597969174385071,
        0.23318615555763245
      ],
      [
        0.399534672498703,
        0.5915018916130066,
        0.008963469415903091
      ],
      [
        0.8046958446502686,
        0.19371619820594788,
        0.0015879482962191105
      ],
      [
        0.022721776738762856,
        0.9622570872306824,
        0.015021185390651226
      ],
      [
        0.02566271647810936,
        0.7115542888641357,
        0.2627829909324646
      ],
      [
        0.38555842638015747,
        0.610995888710022,
        0.00344568002037704
      ],
      [
        0.018097519874572754,
        0.9235379695892334,
        0.05836454778909683
      ],
      [
        0.3346049189567566,
        0.5838122367858887,
        0.08158284425735474
      ],
      [
        0.035432759672403336,
        0.6236647963523865,
        0.3409024775028229
      ],
      [
        0.2140798270702362,
        0.7631089687347412,
        0.022811252623796463
      ],
      [
        0.01880599372088909,
        0.8879125714302063,
        0.09328142553567886
      ],
      [
        0.5702118277549744,
        0.4282853901386261,
        0.0015028058551251888
      ],
      [
        0.6797271370887756,
        0.31929048895835876,
        0.000982329249382019
      ],
      [
        0.02683154121041298,
        0.9658986926078796,
        0.007269802037626505
      ],
      [
        0.044541146606206894,
        0.9075824022293091,
        0.047876402735710144
      ],
      [
        0.6018821001052856,
        0.38914868235588074,
        0.008969218470156193
      ],
      [
        0.01898929476737976,
        0.9579359889030457,
        0.02307467721402645
      ],
      [
        0.012014207430183887,
        0.9201252460479736,
        0.06786058098077774
      ],
      [
        0.27916282415390015,
        0.707313597202301,
        0.013523570261895657
      ],
      [
        0.010314850136637688,
        0.5348871350288391,
        0.45479801297187805
      ],
      [
        0.023247085511684418,
        0.6208896636962891,
        0.3558632731437683
      ],
      [
        0.013551372103393078,
        0.9724173545837402,
        0.014031295664608479
      ],
      [
        0.006654015276581049,
        0.8364834189414978,
        0.1568625122308731
      ],
      [
        0.15190288424491882,
        0.8378451466560364,
        0.010251923464238644
      ],
      [
        0.06373005360364914,
        0.835114061832428,
        0.1011558547616005
      ],
      [
        0.03688012436032295,
        0.8754836916923523,
        0.08763620257377625
      ],
      [
        0.03453493118286133,
        0.9469947218894958,
        0.018470365554094315
      ],
      [
        0.09868267178535461,
        0.8891814351081848,
        0.012135901488363743
      ],
      [
        0.15472641587257385,
        0.8032490015029907,
        0.04202458634972572
      ],
      [
        0.9470766186714172,
        0.05048820748925209,
        0.002435132162645459
      ],
      [
        0.07846400886774063,
        0.8983268141746521,
        0.02320919558405876
      ],
      [
        0.0286890659481287,
        0.6593537926673889,
        0.31195715069770813
      ],
      [
        0.14879193902015686,
        0.8376450538635254,
        0.013563011772930622
      ],
      [
        0.0027028662152588367,
        0.9740341305732727,
        0.02326301671564579
      ],
      [
        0.02914293482899666,
        0.9610073566436768,
        0.009849788621068
      ],
      [
        0.9211464524269104,
        0.07870669662952423,
        0.00014691603428218514
      ],
      [
        0.24386171996593475,
        0.7115059494972229,
        0.04463235288858414
      ],
      [
        0.03775765374302864,
        0.8333495259284973,
        0.12889283895492554
      ],
      [
        0.009729291312396526,
        0.9411104917526245,
        0.04916024208068848
      ],
      [
        0.0008422127575613558,
        0.1293068528175354,
        0.8698508739471436
      ],
      [
        0.052323129028081894,
        0.844700038433075,
        0.10297682136297226
      ],
      [
        0.003121696412563324,
        0.36806660890579224,
        0.6288116574287415
      ],
      [
        0.044786375015974045,
        0.8522002696990967,
        0.10301337391138077
      ],
      [
        0.914527952671051,
        0.0846855565905571,
        0.0007864974904805422
      ],
      [
        0.053264353424310684,
        0.8329503536224365,
        0.1137852743268013
      ],
      [
        0.2932756245136261,
        0.7017779350280762,
        0.0049464707262814045
      ],
      [
        0.00991023425012827,
        0.7406538128852844,
        0.24943599104881287
      ],
      [
        0.006836103741079569,
        0.3760243058204651,
        0.6171395778656006
      ],
      [
        0.011817911639809608,
        0.4643392264842987,
        0.5238428711891174
      ],
      [
        0.02465115301311016,
        0.7292785048484802,
        0.24607035517692566
      ],
      [
        0.05849568545818329,
        0.69269198179245,
        0.24881233274936676
      ],
      [
        0.03476189449429512,
        0.8300135135650635,
        0.1352245807647705
      ],
      [
        0.140870600938797,
        0.7956604957580566,
        0.06346891075372696
      ],
      [
        0.1838555634021759,
        0.8126985430717468,
        0.003445812501013279
      ],
      [
        0.01329068373888731,
        0.9025593996047974,
        0.08414994925260544
      ],
      [
        0.058516714721918106,
        0.9217426776885986,
        0.019740527495741844
      ],
      [
        0.03573812544345856,
        0.9260438680648804,
        0.03821800276637077
      ],
      [
        0.31178632378578186,
        0.6852723956108093,
        0.0029412799049168825
      ],
      [
        0.12922309339046478,
        0.7709200978279114,
        0.09985683113336563
      ],
      [
        0.13838034868240356,
        0.6348124742507935,
        0.22680720686912537
      ],
      [
        0.011666195467114449,
        0.9369234442710876,
        0.05141041800379753
      ],
      [
        0.07997779548168182,
        0.8975861072540283,
        0.022436145693063736
      ],
      [
        0.43415218591690063,
        0.5532485842704773,
        0.012599265202879906
      ],
      [
        0.21490508317947388,
        0.7512415647506714,
        0.03385340794920921
      ],
      [
        0.012769601307809353,
        0.6549088954925537,
        0.33232152462005615
      ],
      [
        0.02083442360162735,
        0.9604418873786926,
        0.018723640590906143
      ],
      [
        0.6823351979255676,
        0.31634870171546936,
        0.0013161256210878491
      ],
      [
        0.12054068595170975,
        0.8744577169418335,
        0.005001657642424107
      ],
      [
        0.14642253518104553,
        0.8504347205162048,
        0.0031428071670234203
      ],
      [
        0.015751177445054054,
        0.8424953818321228,
        0.14175337553024292
      ],
      [
        0.49056583642959595,
        0.49922996759414673,
        0.010204244405031204
      ],
      [
        0.2723647952079773,
        0.7118038535118103,
        0.01583131030201912
      ],
      [
        0.3414057791233063,
        0.6549060940742493,
        0.0036881384439766407
      ],
      [
        0.9020085334777832,
        0.09696848690509796,
        0.0010230373591184616
      ],
      [
        0.18909896910190582,
        0.7875636219978333,
        0.02333737537264824
      ],
      [
        0.05692369118332863,
        0.9318962097167969,
        0.011180066503584385
      ],
      [
        0.4361249804496765,
        0.5627855062484741,
        0.0010894841980189085
      ],
      [
        0.042670778930187225,
        0.9259755611419678,
        0.031353659927845
      ],
      [
        0.2751235067844391,
        0.35127806663513184,
        0.3735984265804291
      ],
      [
        0.045085348188877106,
        0.9479309916496277,
        0.006983674131333828
      ],
      [
        0.28192654252052307,
        0.7107954025268555,
        0.00727812759578228
      ],
      [
        0.6707670092582703,
        0.3244631290435791,
        0.004769864026457071
      ],
      [
        0.0046565476804971695,
        0.7604637145996094,
        0.23487979173660278
      ],
      [
        0.0021661710925400257,
        0.2816697657108307,
        0.7161640524864197
      ],
      [
        0.3893347382545471,
        0.6070107221603394,
        0.003654545871540904
      ],
      [
        0.21776385605335236,
        0.7633812427520752,
        0.01885485090315342
      ],
      [
        0.050698280334472656,
        0.9370619654655457,
        0.012239694595336914
      ],
      [
        0.006032583303749561,
        0.5748695135116577,
        0.4190978705883026
      ],
      [
        0.002439294708892703,
        0.3768264353275299,
        0.6207342743873596
      ],
      [
        0.22879239916801453,
        0.6933417320251465,
        0.077865831553936
      ],
      [
        0.00983523391187191,
        0.9803441762924194,
        0.009820546954870224
      ],
      [
        0.1495106816291809,
        0.8410282731056213,
        0.009460999630391598
      ],
      [
        0.03367561474442482,
        0.7095835208892822,
        0.2567408084869385
      ],
      [
        0.006263161543756723,
        0.32169607281684875,
        0.6720407605171204
      ],
      [
        0.9412956237792969,
        0.05851146578788757,
        0.00019290088675916195
      ],
      [
        0.10648447275161743,
        0.8221448659896851,
        0.07137065380811691
      ],
      [
        0.33817583322525024,
        0.6572819948196411,
        0.00454222084954381
      ],
      [
        0.20535169541835785,
        0.7849246263504028,
        0.00972367450594902
      ],
      [
        0.2549305856227875,
        0.7381584048271179,
        0.006910978816449642
      ],
      [
        0.008597669191658497,
        0.947547972202301,
        0.04385439679026604
      ],
      [
        0.6611758470535278,
        0.33122873306274414,
        0.00759542640298605
      ],
      [
        0.14265944063663483,
        0.8068108558654785,
        0.050529662519693375
      ],
      [
        0.014595236629247665,
        0.9823274612426758,
        0.003077238565310836
      ],
      [
        0.47880294919013977,
        0.4964238405227661,
        0.024773167446255684
      ],
      [
        0.0004928617272526026,
        0.03424619138240814,
        0.965260922908783
      ],
      [
        0.003303323872387409,
        0.528714120388031,
        0.46798256039619446
      ],
      [
        0.6604710817337036,
        0.33859774470329285,
        0.0009311558096669614
      ],
      [
        0.05089477077126503,
        0.8831627368927002,
        0.06594254076480865
      ],
      [
        0.29197928309440613,
        0.6940028667449951,
        0.014017891138792038
      ],
      [
        0.8937183022499084,
        0.10606949031352997,
        0.00021224682859610766
      ],
      [
        0.2513516843318939,
        0.741051435470581,
        0.007596924435347319
      ],
      [
        0.4216413199901581,
        0.5768817663192749,
        0.0014768713153898716
      ],
      [
        0.7425915598869324,
        0.22468960285186768,
        0.03271884098649025
      ],
      [
        0.011489602737128735,
        0.8347512483596802,
        0.1537591516971588
      ],
      [
        0.0377267450094223,
        0.8753159642219543,
        0.08695729076862335
      ],
      [
        0.1760433167219162,
        0.5693081617355347,
        0.25464847683906555
      ],
      [
        0.008872532285749912,
        0.9428005218505859,
        0.048326991498470306
      ],
      [
        0.011718085035681725,
        0.8931562900543213,
        0.09512560069561005
      ],
      [
        0.031776078045368195,
        0.9232137203216553,
        0.04501018300652504
      ],
      [
        0.6862079501152039,
        0.3112654983997345,
        0.002526557771489024
      ],
      [
        0.2050233632326126,
        0.7861232757568359,
        0.008853417821228504
      ],
      [
        0.09711761027574539,
        0.717380166053772,
        0.18550224602222443
      ],
      [
        0.8348978757858276,
        0.1636178344488144,
        0.0014842817327007651
      ],
      [
        0.755962610244751,
        0.24326470494270325,
        0.0007726437761448324
      ],
      [
        0.18889763951301575,
        0.7865319848060608,
        0.02457040548324585
      ],
      [
        0.024007504805922508,
        0.5558396577835083,
        0.42015281319618225
      ],
      [
        0.03731668367981911,
        0.8782348036766052,
        0.08444853872060776
      ],
      [
        0.1021849513053894,
        0.8847681283950806,
        0.013046945445239544
      ],
      [
        0.014067089185118675,
        0.9336305856704712,
        0.052302323281764984
      ],
      [
        0.11479654163122177,
        0.8455742597579956,
        0.03962922468781471
      ],
      [
        0.39406171441078186,
        0.5573524236679077,
        0.04858587682247162
      ],
      [
        0.07737182825803757,
        0.7370023131370544,
        0.1856258660554886
      ],
      [
        0.6472797989845276,
        0.3522608280181885,
        0.0004593300982378423
      ],
      [
        0.3238264322280884,
        0.6737216114997864,
        0.002451977925375104
      ],
      [
        0.015542116947472095,
        0.23651529848575592,
        0.7479425668716431
      ],
      [
        0.5729148387908936,
        0.42434537410736084,
        0.0027398038655519485
      ],
      [
        0.7403079271316528,
        0.25574973225593567,
        0.003942348528653383
      ],
      [
        0.059147924184799194,
        0.5402382016181946,
        0.4006138741970062
      ],
      [
        0.541613757610321,
        0.450923353433609,
        0.007462859153747559
      ],
      [
        0.6666112542152405,
        0.32925090193748474,
        0.004137881565839052
      ],
      [
        0.28535208106040955,
        0.6836018562316895,
        0.031046077609062195
      ],
      [
        0.04651574417948723,
        0.8559150099754333,
        0.09756924957036972
      ],
      [
        0.017976252362132072,
        0.9479715824127197,
        0.03405221551656723
      ],
      [
        0.04498143494129181,
        0.8598411679267883,
        0.09517737478017807
      ],
      [
        0.5827216506004333,
        0.40569040179252625,
        0.01158792432397604
      ],
      [
        0.8735371828079224,
        0.12490570545196533,
        0.0015571063850075006
      ],
      [
        0.04896051436662674,
        0.9042536020278931,
        0.0467858761548996
      ],
      [
        0.03841808810830116,
        0.8584964275360107,
        0.10308553278446198
      ],
      [
        0.5244729518890381,
        0.4560832381248474,
        0.0194438174366951
      ],
      [
        0.04565967991948128,
        0.6011441349983215,
        0.3531962037086487
      ],
      [
        0.2163122147321701,
        0.7814833521842957,
        0.002204422140493989
      ],
      [
        0.9050480723381042,
        0.09433919936418533,
        0.0006128000095486641
      ],
      [
        0.02734406851232052,
        0.2920759916305542,
        0.6805799007415771
      ],
      [
        0.24944137036800385,
        0.7453169226646423,
        0.005241699051111937
      ],
      [
        0.07800217717885971,
        0.9141334891319275,
        0.00786435417830944
      ],
      [
        0.16367915272712708,
        0.8306576609611511,
        0.005663250107318163
      ],
      [
        0.06500378251075745,
        0.865541398525238,
        0.06945479661226273
      ],
      [
        0.573157012462616,
        0.41193583607673645,
        0.01490716077387333
      ],
      [
        0.19624550640583038,
        0.780288815498352,
        0.023465653881430626
      ],
      [
        0.27832722663879395,
        0.6821328401565552,
        0.0395398885011673
      ],
      [
        0.013496149331331253,
        0.4895058870315552,
        0.49699801206588745
      ],
      [
        0.011400735005736351,
        0.9100626707077026,
        0.07853659242391586
      ],
      [
        0.47254329919815063,
        0.5036269426345825,
        0.023829730227589607
      ],
      [
        0.0034962559584528208,
        0.23848176002502441,
        0.7580220103263855
      ],
      [
        0.03621549531817436,
        0.9516805410385132,
        0.012103973887860775
      ],
      [
        0.016162632033228874,
        0.9720913767814636,
        0.01174595020711422
      ],
      [
        0.256503164768219,
        0.7237963080406189,
        0.01970049738883972
      ],
      [
        0.09764072299003601,
        0.8822177648544312,
        0.02014153078198433
      ],
      [
        0.026267608627676964,
        0.581336498260498,
        0.39239585399627686
      ],
      [
        0.2857823073863983,
        0.6582984328269958,
        0.05591924861073494
      ],
      [
        0.672823429107666,
        0.3113877475261688,
        0.015788748860359192
      ],
      [
        0.8721122741699219,
        0.12734149396419525,
        0.0005462024128064513
      ],
      [
        0.03648948669433594,
        0.8241156339645386,
        0.1393948793411255
      ],
      [
        0.009922454133629799,
        0.5784521698951721,
        0.41162538528442383
      ],
      [
        0.0009361472330056131,
        0.21597367525100708,
        0.7830902338027954
      ],
      [
        0.2019098401069641,
        0.7695769667625427,
        0.028513228520751
      ],
      [
        0.02859465591609478,
        0.9388725161552429,
        0.032532889395952225
      ],
      [
        0.08713798224925995,
        0.7588009238243103,
        0.15406104922294617
      ],
      [
        0.23600752651691437,
        0.7548817992210388,
        0.009110662154853344
      ],
      [
        0.014005104079842567,
        0.8401497006416321,
        0.1458452045917511
      ],
      [
        0.10085071623325348,
        0.8466842174530029,
        0.052465084940195084
      ],
      [
        0.531435489654541,
        0.464417427778244,
        0.0041470457799732685
      ],
      [
        0.0509844571352005,
        0.6227737665176392,
        0.32624176144599915
      ],
      [
        0.34018534421920776,
        0.6580539345741272,
        0.0017606632318347692
      ],
      [
        0.44666317105293274,
        0.5471542477607727,
        0.006182568147778511
      ],
      [
        0.025684159249067307,
        0.7989420890808105,
        0.17537379264831543
      ],
      [
        0.0009836193639785051,
        0.3797622621059418,
        0.6192541718482971
      ],
      [
        0.8403909802436829,
        0.15898559987545013,
        0.0006234552711248398
      ],
      [
        0.030144330114126205,
        0.3343508541584015,
        0.6355047821998596
      ],
      [
        0.08381874859333038,
        0.9050334095954895,
        0.011147898621857166
      ],
      [
        0.010555797256529331,
        0.29623502492904663,
        0.693209171295166
      ],
      [
        0.08109702169895172,
        0.8492441773414612,
        0.06965882331132889
      ],
      [
        0.39594072103500366,
        0.5993401408195496,
        0.0047191656194627285
      ],
      [
        0.11280038207769394,
        0.7712594270706177,
        0.11594018340110779
      ],
      [
        0.9298392534255981,
        0.06999503076076508,
        0.00016569615399930626
      ],
      [
        0.39199769496917725,
        0.5788528919219971,
        0.02914937399327755
      ],
      [
        0.027329951524734497,
        0.9395617246627808,
        0.033108294010162354
      ],
      [
        0.07420465350151062,
        0.8790755867958069,
        0.04671977460384369
      ],
      [
        0.9452142119407654,
        0.0541960671544075,
        0.00058967643417418
      ],
      [
        0.9091720581054688,
        0.08386551588773727,
        0.006962419021874666
      ]
    ]
  },
  "Random Forest": {
    "accuracy": 0.7,
    "f1_macro": 0.5418865220506808,
    "f1_weighted": 0.666141782294313,
    "predictions": [
      1,
      1,
      0,
      1,
      1,
      1,
      1,
      1,
      1,
      1,
      1,
      0,
      1,
      1,
      1,
      0,
      1,
      1,
      1,
      1,
      1,
      1,
      1,
      1,
      1,
      1,
      1,
      1,
      1,
      0,
      1,
      1,
      1,
      1,
      1,
      0,
      1,
      1,
      1,
      1,
      1,
      1,
      2,
      0,
      1,
      1,
      1,
      2,
      1,
      1,
      1,
      1,
      1,
      1,
      1,
      1,
      1,
      1,
      1,
      1,
      1,
      1,
      1,
      1,
      1,
      1,
      0,
      1,
      1,
      1,
      1,
      1,
      1,
      0,
      1,
      1,
      1,
      1,
      0,
      1,
      0,
      1,
      1,
      2,
      1,
      1,
      1,
      1,
      2,
      1,
      1,
      1,
      1,
      2,
      0,
      1,
      0,
      0,
      1,
      1,
      0,
      1,
      1,
      1,
      2,
      1,
      0,
      1,
      1,
      0,
      1,
      1,
      0,
      1,
      1,
      1,
      1,
      1,
      1,
      0,
      1,
      1,
      0,
      0,
      1,
      1,
      1,
      1,
      1,
      1,
      1,
      1,
      0,
      1,
      1,
      0,
      0,
      1,
      0,
      0,
      1,
      1,
      1,
      1,
      0,
      0,
      1,
      1,
      1,
      1,
      1,
      0,
      1,
      0,
      1,
      1,
      1,
      0,
      1,
      1,
      1,
      1,
      1,
      1,
      1,
      1,
      1,
      1,
      1,
      1,
      0,
      0,
      1,
      1,
      2,
      1,
      1,
      1,
      1,
      1,
      1,
      0,
      1,
      1,
      1,
      1,
      1,
      1,
      1,
      1,
      1,
      1,
      1,
      1,
      0,
      1,
      1,
      1,
      0,
      0
    ],
    "probabilities": [
      [
        0.0067112225006961835,
        0.4991484731688222,
        0.4941403043304816
      ],
      [
        0.3063192372775353,
        0.6117966212349109,
        0.0818841414875538
      ],
      [
        0.8234252829868706,
        0.16974583161281526,
        0.006828885400313971
      ],
      [
        0.1844626025480736,
        0.7438594280185389,
        0.07167796943338739
      ],
      [
        0.12364036806209613,
        0.6188809608004655,
        0.2574786711374385
      ],
      [
        0.24396300379023733,
        0.7366024209442497,
        0.019434575265512906
      ],
      [
        0.03656619796325679,
        0.731309182457774,
        0.2321246195789691
      ],
      [
        0.3350658612931943,
        0.6002426516892827,
        0.0646914870175227
      ],
      [
        0.03947857697857698,
        0.5835153207567499,
        0.37700610226467307
      ],
      [
        0.30672258825590126,
        0.6921951606618476,
        0.0010822510822510823
      ],
      [
        0.16738716698800732,
        0.7380654222968649,
        0.09454741071512779
      ],
      [
        0.5363426863288363,
        0.46291326605211597,
        0.000744047619047619
      ],
      [
        0.45687872349106823,
        0.533365529156896,
        0.009755747352035868
      ],
      [
        0.21333672959047933,
        0.6940524362990372,
        0.09261083411048318
      ],
      [
        0.08934507366046167,
        0.7706204184354482,
        0.14003450790408994
      ],
      [
        0.5253197725333949,
        0.4463004548116225,
        0.028379772654982743
      ],
      [
        0.024863371922195454,
        0.8888994769570002,
        0.08623715112080421
      ],
      [
        0.010383244206773619,
        0.7340395314038141,
        0.2555772243894123
      ],
      [
        0.15066288936607714,
        0.7209628783779312,
        0.12837423225599146
      ],
      [
        0.04087175088271179,
        0.8244796723206023,
        0.13464857679668601
      ],
      [
        0.03993458712198206,
        0.659239224096687,
        0.3008261887813309
      ],
      [
        0.0849220600765784,
        0.8139838663147648,
        0.10109407360865663
      ],
      [
        0.03734400811606694,
        0.8372715538918091,
        0.1253844379921241
      ],
      [
        0.229577026100631,
        0.727073480378491,
        0.04334949352087787
      ],
      [
        0.0830967190229997,
        0.7064536363811283,
        0.2104496445958717
      ],
      [
        0.14091489256930437,
        0.7375546335916011,
        0.12153047383909463
      ],
      [
        0.23483076260638375,
        0.7046251090973873,
        0.06054412829622914
      ],
      [
        0.1337703020213524,
        0.8433081750571245,
        0.02292152292152292
      ],
      [
        0.08496989704972897,
        0.8811319291140168,
        0.033898173836254326
      ],
      [
        0.5577426446962941,
        0.44019055636190707,
        0.0020667989417989417
      ],
      [
        0.2702376369034542,
        0.654901949339718,
        0.07486041375682756
      ],
      [
        0.009457671957671956,
        0.508606018758943,
        0.48193630928338554
      ],
      [
        0.2636212824262341,
        0.6632881794221375,
        0.07309053815162836
      ],
      [
        0.013070834394363809,
        0.7803385433427449,
        0.20659062226289118
      ],
      [
        0.20636351273550088,
        0.7746914784753949,
        0.01894500878910432
      ],
      [
        0.8445063303143485,
        0.1554936696856514,
        0.0
      ],
      [
        0.14488119619890863,
        0.6781838319242892,
        0.1769349718768021
      ],
      [
        0.05410878803735947,
        0.7821833501909649,
        0.16370786177167537
      ],
      [
        0.02512611370970504,
        0.8925284956742278,
        0.08234539061606731
      ],
      [
        0.046346012487929786,
        0.6184091637513794,
        0.33524482376069065
      ],
      [
        0.09276638684458616,
        0.7893779195732598,
        0.11785569358215406
      ],
      [
        0.0362511070350522,
        0.6855452824572112,
        0.27820361050773634
      ],
      [
        0.06464293503767188,
        0.4355426757058073,
        0.4998143892565209
      ],
      [
        0.7442943177619541,
        0.2531546618298824,
        0.002551020408163265
      ],
      [
        0.08159890024385821,
        0.718481603210569,
        0.19991949654557256
      ],
      [
        0.1859990068527036,
        0.7962066873908058,
        0.01779430575649063
      ],
      [
        0.04286666792489774,
        0.6107324587504815,
        0.34640087332462044
      ],
      [
        0.0030701754385964917,
        0.4592808681141206,
        0.537648956447283
      ],
      [
        0.00523088023088023,
        0.73575936255786,
        0.25900975721125974
      ],
      [
        0.05469798527783164,
        0.8413250457608671,
        0.10397696896130079
      ],
      [
        0.17631819202142066,
        0.7243550733213306,
        0.09932673465724842
      ],
      [
        0.0621193368567318,
        0.8353151922037372,
        0.10256547093953108
      ],
      [
        0.13328277110788161,
        0.6966949800375785,
        0.17002224885453976
      ],
      [
        0.13690650705402257,
        0.7962547653347343,
        0.06683872761124314
      ],
      [
        0.03349516308384066,
        0.5503121742041932,
        0.41619266271196603
      ],
      [
        0.08025216266729977,
        0.812302460532871,
        0.1074453767998291
      ],
      [
        0.053814789318991,
        0.8413726103147267,
        0.10481260036628233
      ],
      [
        0.466993734175955,
        0.5146768430538328,
        0.018329422770212243
      ],
      [
        0.26523215738291067,
        0.7145073623566092,
        0.02026048026048026
      ],
      [
        0.19811473264581733,
        0.7319332622170679,
        0.06995200513711464
      ],
      [
        0.0451918498788391,
        0.8706785457977531,
        0.0841296043234078
      ],
      [
        0.32885346583041,
        0.5823151521129573,
        0.08883138205663269
      ],
      [
        0.3910773958528414,
        0.5939121093959516,
        0.015010494751206825
      ],
      [
        0.2684385916880376,
        0.6315707600365394,
        0.09999064827542273
      ],
      [
        0.09029853942869777,
        0.5317419393177643,
        0.377959521253538
      ],
      [
        0.034950358665528945,
        0.7177431684754221,
        0.24730647285904916
      ],
      [
        0.491884516664443,
        0.4831898927255346,
        0.02492559061002227
      ],
      [
        0.19746298588934466,
        0.758422972601932,
        0.044114041508723056
      ],
      [
        0.16713319818242045,
        0.7860840764555933,
        0.04678272536198601
      ],
      [
        0.040736246651770745,
        0.7139245067629607,
        0.24533924658526848
      ],
      [
        0.4253562078725651,
        0.5733906592953548,
        0.0012531328320802004
      ],
      [
        0.2535777752106719,
        0.7305154865999814,
        0.015906738189346886
      ],
      [
        0.30580920632829905,
        0.6632954346863562,
        0.030895358985344984
      ],
      [
        0.8336987887511413,
        0.1599520048996521,
        0.006349206349206349
      ],
      [
        0.2743306103227947,
        0.62919747954154,
        0.0964719101356651
      ],
      [
        0.10141431231332296,
        0.833381653708686,
        0.06520403397799093
      ],
      [
        0.3228500425034039,
        0.6627966093197187,
        0.014353348176877587
      ],
      [
        0.16260447028359457,
        0.6854517748701736,
        0.15194375484623168
      ],
      [
        0.5865635263220378,
        0.3813113749880137,
        0.03212509868994832
      ],
      [
        0.0671238746081183,
        0.9085476760634325,
        0.024328449328449325
      ],
      [
        0.5057144445411227,
        0.46645629166322694,
        0.027829263795650355
      ],
      [
        0.45513251564969276,
        0.5413761839840069,
        0.0034913003663003665
      ],
      [
        0.039814411778697496,
        0.5687058222497,
        0.39147976597160217
      ],
      [
        0.004875283446712018,
        0.4172674748512681,
        0.5778572417020198
      ],
      [
        0.4211574380422932,
        0.5770225357015903,
        0.0018200262561164815
      ],
      [
        0.2499499692039065,
        0.6701863901831533,
        0.07986364061294034
      ],
      [
        0.14825617277398903,
        0.6333575068109054,
        0.21838632041510558
      ],
      [
        0.014672303287863927,
        0.5754189127526788,
        0.4099087839594574
      ],
      [
        0.004991992656466341,
        0.36528912042174494,
        0.6297188869217886
      ],
      [
        0.23319089024094017,
        0.7283103363794261,
        0.03849877337963362
      ],
      [
        0.08020715376282604,
        0.7518928889885051,
        0.16789995724866869
      ],
      [
        0.16823626935745467,
        0.6949869448760977,
        0.1367767857664474
      ],
      [
        0.12766937779013715,
        0.6573044781552252,
        0.2150261440546375
      ],
      [
        0.015712023113338903,
        0.3691569723766424,
        0.6151310045100188
      ],
      [
        0.8416115330318115,
        0.15838846696818834,
        0.0
      ],
      [
        0.34480400470688694,
        0.5941946760002049,
        0.06100131929290824
      ],
      [
        0.6958371168980415,
        0.28341056508073315,
        0.020752318021225586
      ],
      [
        0.4870638858803725,
        0.4703676123599494,
        0.042568501759678225
      ],
      [
        0.22953456312781734,
        0.7114650764159711,
        0.05900036045621147
      ],
      [
        0.04495635021318346,
        0.7938723452213408,
        0.16117130456547568
      ],
      [
        0.6030464896259898,
        0.3884775078190603,
        0.008476002554949923
      ],
      [
        0.07909654608955609,
        0.7301806212862427,
        0.19072283262420123
      ],
      [
        0.14996450981938592,
        0.7154238942267837,
        0.1346115959538302
      ],
      [
        0.2618527426374249,
        0.6983206686074149,
        0.03982658875516018
      ],
      [
        0.018206385118149825,
        0.3631604657975734,
        0.618633149084277
      ],
      [
        0.042987654691174215,
        0.5593404992082233,
        0.3976718461006026
      ],
      [
        0.5723002666479687,
        0.4247911835684816,
        0.0029085497835497835
      ],
      [
        0.07715100680602671,
        0.852331402898814,
        0.07051759029515921
      ],
      [
        0.2951820012933314,
        0.6641039058475069,
        0.04071409285916142
      ],
      [
        0.8932843122526892,
        0.10586534761125652,
        0.0008503401360544217
      ],
      [
        0.27827307232718745,
        0.6011371935274061,
        0.12058973414540644
      ],
      [
        0.47413006446473266,
        0.5138728195907827,
        0.011997115944484367
      ],
      [
        0.7702835629610285,
        0.22288755163865734,
        0.006828885400313971
      ],
      [
        0.034503565361039934,
        0.6192097633877639,
        0.34628667125119666
      ],
      [
        0.016639587786204328,
        0.5739984618837684,
        0.4093619503300276
      ],
      [
        0.21449286406726356,
        0.5841784605231785,
        0.2013286754095578
      ],
      [
        0.049260686209215615,
        0.8333203978949777,
        0.11741891589580666
      ],
      [
        0.03937694613280638,
        0.8181718789732388,
        0.14245117489395462
      ],
      [
        0.08022413271528707,
        0.8362646263674568,
        0.08351124091725597
      ],
      [
        0.7748001090441666,
        0.22519989095583293,
        0.0
      ],
      [
        0.18803987909268494,
        0.7275663141882097,
        0.08439380671910525
      ],
      [
        0.11416336969908397,
        0.7470537383733058,
        0.1387828919276103
      ],
      [
        0.7314457056695004,
        0.26470996353598075,
        0.0038443307945187646
      ],
      [
        0.6333450491313093,
        0.3666549508686907,
        0.0
      ],
      [
        0.31184394544255395,
        0.6228323379649323,
        0.06532371659251357
      ],
      [
        0.08200257177525316,
        0.7687470715964503,
        0.14925035662829636
      ],
      [
        0.14326529777005903,
        0.7155890726959814,
        0.14114562953395962
      ],
      [
        0.28032799037098066,
        0.6795780757850853,
        0.040093933843933845
      ],
      [
        0.10317053131930398,
        0.8207852424106415,
        0.07604422627005458
      ],
      [
        0.23387471871283305,
        0.6152848919682284,
        0.15084038931893864
      ],
      [
        0.2915972377613413,
        0.6334676864655503,
        0.07493507577310836
      ],
      [
        0.11755620528799479,
        0.7083642638030606,
        0.17407953090894454
      ],
      [
        0.7487460342962189,
        0.25125396570378106,
        0.0
      ],
      [
        0.2784820130665442,
        0.6761101818451993,
        0.04540780508825622
      ],
      [
        0.08931646667991205,
        0.6227105294332183,
        0.2879730038868694
      ],
      [
        0.7018127402640675,
        0.2981872597359324,
        0.0
      ],
      [
        0.753950714809295,
        0.24604928519070485,
        0.0
      ],
      [
        0.11557320029594467,
        0.5626956638658728,
        0.32173113583818247
      ],
      [
        0.5867966778746085,
        0.39973433584155565,
        0.01346898628383591
      ],
      [
        0.6193867589357394,
        0.37480756751892547,
        0.0058056735453352
      ],
      [
        0.2178959408912609,
        0.7551278519592127,
        0.026976207149526484
      ],
      [
        0.07191562328116949,
        0.8114834473522835,
        0.11660092936654708
      ],
      [
        0.03385225885225886,
        0.7551963987349326,
        0.21095134241280858
      ],
      [
        0.05388393352679068,
        0.8457774010209327,
        0.10033866545227668
      ],
      [
        0.532024624821062,
        0.38887295869400257,
        0.07910241648493528
      ],
      [
        0.9035061589863118,
        0.0947931607415796,
        0.0017006802721088435
      ],
      [
        0.17212149234385932,
        0.7316135432714885,
        0.0962649643846522
      ],
      [
        0.054875690308021134,
        0.8122967748523366,
        0.13282753483964232
      ],
      [
        0.43994727526389166,
        0.553561496665933,
        0.006491228070175439
      ],
      [
        0.07077694239324336,
        0.6569343064366189,
        0.27228875117013773
      ],
      [
        0.30935644864653955,
        0.6687727585530457,
        0.02187079280041465
      ],
      [
        0.7922053493278951,
        0.20546740398395588,
        0.0023272466881489435
      ],
      [
        0.04721489524121104,
        0.5088732475248112,
        0.44391185723397786
      ],
      [
        0.5958204624807755,
        0.399731604499863,
        0.004447933019361591
      ],
      [
